    3702      6495   .2561949  
    3702      5055   .2952541  
    3702      2663   .3427131  
    8596      8479         .1  
    5416      7116         .1  
    4576      6502   .2787317  
    8160      8159          1  
    8160      8159   .0847121  
    4915      1788         .1  
    9998      1789   .1959976  
    5560      3235         .1  
    3153      1789   .9849214  
    5560      1789   .6806822  
    5784      1789          1  
    9728      1789    .545494  
    1856      5135   .5621907  
    3104      1789          1  
   10174      1789   .4110356  
    6322      9653   .2123498  
   11440      5135   .1000003  
    1527      9653   .2368285  
    1732      9653         .1  
    2054      1788         .1  
    2164      8838   .1084112  
    2257      9653   .1101695  
    2422      7017   .1486486  
    2507      7017   .1001069  
    2880      9653   .1495875  
    2929      1788   .1239264  
    3196      1788   .4923703  
    4356      1788   .2625483  
    4496      9653          1  
    4618      6403   .1935087  
    5630      7620   .1126437  
    5740     11038   .2760911  
    6870      3732    .100294  
    6870     11038   .0438388  
    7056      1788   .1199616  
    7381      9653   .3167082  
    7930      9653   .1885661  
    8011      9653         .1  
    8065      9177   .1551078  
    8521      9653   .2247867  
    8708      7620         .1  
    8709      7620   .2024322  
    9505      7017   .2210884  
   10146      9653   .1220365  
   10340      9653         .1  
   10673      9653   .2406717  
   11527      1788   .4237918  
    3719      6182   .1612903  
   10887      5381         .1  
   11417      4622         .1  
    2128     11559   .4324974  
    1275      2593   .1195949  
    1364     10621   .1202781  
    1544      1609         .1  
    2073      7475   .2882523  
    2437      4503   .3250038  
    3196      1609   .1068159  
    3826      1609   .2649946  
    4325      5790          1  
    4362     10621   .9208145  
    5078      1609   .3717308  
    5585      1848   .1314694  
    6047      4503    .076087  
    6311      5790   .0960223  
    6695      5148   .1428571  
    6852      5148   .3155985  
    6870      4503   .0382543  
    7159      2991   .3900243  
    7309      5148   .0555556  
    7912      1609         .1  
    7912     10482         .1  
    7934     10482         .1  
    8011      2991         .1  
    8368      5382   .1054455  
    9406      7475   .2760438  
    9505      5790         .1  
    9859      4503   .3558854  
   10036     10621   .2180527  
   10143      4503   .1865241  
   10522      5790   .3648069  
   10887      9652         .1  
   13827      1609          1  
   10938      1365   .5878505  
   11170      5860         .1  
   11170      2577         .1  
    7887      7883   .1010638  
    1733      2927         .1  
    9873     10165   .4677444  
    1617      4240   .1564352  
    4114      4240   .2040356  
    4552      4240    .061017  
    4844      4240   .3017803  
    4844      4242   .2169241  
    5740     10750    .176576  
    6938      1048   .2912911  
    8728     10503   .1163056  
   10664      4240   .1399921  
    2697      8001         .1  
    4618      1193   .2318848  
    1226      1301    .116013  
    3930      9712   .1319138  
    1984      5176         .1  
   11170      6066   .0096479  
   11170      5047         .1  
    1143      9653         .1  
    2304      5940   .1246106  
    4082      6403   .1484042  
    5406      8505   .2579121  
    8954      1678   .2199981  
    8955      1678   .2238402  
   11141      9653   .1859881  
    1143      2991         .1  
    1143      5148         .1  
    1860      4503   .2479363  
    4367      1609         .1  
    4367     10482         .1  
    5187      4503    .117872  
    7901      2991   .0912988  
    8357      4503   .0849578  
    9258      1609   .1700013  
    3600      1365   .3578301  
   10397      9653   .2200023  
    1347      1609   .1045767  
    1347      2991   .0673684  
    1347      5790   .1079826  
    9835      1609   .0930928  
    9835      4503   .0284568  
    8095      1755   .0619942  
    8095      6537   .0733118  
    8947      6307   .1107563  
    5218      3980   .4277366  
    6209      1788         .1  
    6209      1609         .1  
    6270      3792          1  
    6331      5135   .2457833  
    8997      6502   .1315604  
    7493     11263     .13603  
    4910      3708   .4558472  
    6481      1240   .1000009  
   11536      1240   .0752742  
    4078      9359   .1209431  
    1032      5055   .1400059  
    3245      6375   .1904454  
    6573      5073         .1  
    6573      6307         .1  
    7827     11535         .1  
    6594      6502   .0534603  
    3311      3485   .0744346  
    3311      4165    .042633  
    5868      6307         .1  
    5868     11259         .1  
    3311      6066   .0152701  
    3311     11484   .0403278  
    5563     10301         .1  
    5563     10983         .1  
    9140      2272   .1607639  
    2196      6307   .1841728  
    3622      6307   .1483265  
    4635      6307   .1423892  
    3176      3022          1  
    3176      4839          1  
    3176      5073          1  
    1120      6307   .0894001  
    9206      6307   .1367171  
   10021      6307   .1896143  
   10021      7544   .0599976  
    8857      6307   .1207031  
    7087      4839   .3097316  
    7087      5073   .1142583  
    2788      4768   .1419729  
    4993      6307   .1953804  
    7400      6307         .1  
    7400      7544          1  
    8219      6307   .0982152  
    4993     11259   .1357192  
    6468      3813   .1000078  
    5456      6307   .1268051  
    7916      6307   .1628897  
    7916      7544   .2050323  
    8255      6307   .3600105  
    9382      6307   .3210997  
    6376      6307   .3191074  
    7595      6307          1  
    8323     11259   .1011367  
    9402     11259   .0432989  
    6184      5073   .1760181  
    3120      6307   .1166309  
    4447      6307   .1673098  
    8482      7544   .2395208  
    9327      4016   .0504334  
    8386      9761   .1816274  
   10518      4768   .4057167  
   12786     10983   .1040087  
    3100      6307         .1  
    3100      7544         .1  
    7568      7544   .2569737  
    8101      6307   .1276418  
    2508      6307   .1499912  
    4055      3022    .275228  
    4055      4839    .503675  
    4055      5073   .0726521  
    5699      4839   .0970853  
    5699      5073   .1590175  
    1496      4839   .1000115  
    1496      5073   .1456667  
    9649      3708         .1  
    9649      5662   .0610328  
    1969     11274   .0832263  
    3421      5073   .0943446  
    6732      6074         .1  
    3421      4218   .1017726  
    6732      7154   .0235891  
   10338     11636   .0809945  
    1589      6307   .1900168  
    3556      8044   .1599992  
    4645      4839         .1  
    4645      5073    .138377  
    4455      3022         .1  
    4455      4839         .1  
    4455      5073   .1351223  
    4455      5691         .1  
    5811      6266   .0471698  
    5811      8254   .3018868  
    5608      2285   .1666819  
    3011      7257   .0718133  
    4245      9183   .1106821  
    6414      8530   .0339277  
    7505      8530    .652921  
    4245      8331   .0736808  
    7040      7171    .140017  
    1695      6066   .1144935  
    7503      6730         .1  
    4529      3955         .1  
    4529      8889         .1  
    4529      2157         .1  
    7503      2111   .0411523  
    1514     13204   .1194768  
   10401      3813   .1499927  
    2901      9653   .3527237  
    2846      4510   .4592147  
    3888      6307   .6797935  
    3693     13961   .0513956  
    6906      6861   .1646243  
   12351      6861   .2175996  
    5354      4839         .1  
    5354      5073   .0984378  
    8634      5134   .1000608  
    8634      6104   .1158759  
    1662      5073   .4382023  
    8345      5073   .1156087  
    8853      1609   .0499659  
    8853      8102         .1  
    3502      5589   .1099862  
    4672      3835         .1  
    4672      4839         .1  
    4672      5073         .1  
    5234      3022         .1  
    5234      4839         .1  
    5234      5073         .1  
    7502      3022   .0880006  
   10873      5073   .2041107  
    1761      6307   .3252132  
    9004     11584   .1590985  
    3200      3022         .1  
    3200      4839         .1  
    3200      5073         .1  
   11618      3022   .1002531  
    3200      2285         .1  
    4819      2285   .0473725  
    3200      6774         .1  
   10024      3305         .1  
    3523      4839   .3099887  
    3523      5073   .4899862  
    5508      4839   .1874062  
    5508      5073   .2463017  
   11376      2111   .1067526  
   10024      9434         .1  
    2264      6066   .0848162  
   10024      6066         .1  
    5464      1755         .1  
    5464      2189         .1  
    5464      6531   .2043803  
    8226      3022    .127475  
    8226      5073   .2793066  
   12148      2817         .1  
   12148      4199         .1  
    8197      4839   .2311576  
    8322      5073   .2047576  
    8127      2974   .0009765  
    3284     11636         .1  
    2579      5073   .1659551  
   10218      7155   .1009961  
   11333     10983         .1  
    8554      2044    .083207  
    6327      6307   .0829968  
    6327      7544   .1629435  
    8465      6307   .0909069  
    3284      6066         .1  
    9629      4218    .200378  
    7512      5439   .1108577  
    9837      5439   .0968847  
   11025      6307   .3264592  
    2888      7077   .3600219  
   10044     11465         .1  
   10044      5073   .2364873  
   11600      5073   .1264061  
   10044      1301         .1  
    8783      1755    .100658  
    6531      5073   .0649511  
    6537      5073   .1006773  
    9064      5073   .1095847  
    9188      5073   .2437872  
    6531      2285   .0169622  
    2541     10867   .1799989  
    2471      4839   .1133518  
    2471      5073    .223585  
    5532      4839   .1879604  
    5532      5073   .0805806  
    6044      3022   .3499984  
    6044      4839         .1  
    7949      5073   .7739224  
   10132      4839   .1693939  
   10132      5073   .0508182  
    2448      5073   .0412669  
    8100      5073    .132583  
    8100      5047   .1522429  
    1574      4961   .1045455  
    1672      5940   .0187595  
    8051      8123   .1681045  
    8051     11636   .0381999  
    4178      6307   .2409973  
    1012      4839   .1506859  
    1012      5073   .0919926  
    4854      4839   .1904402  
    1651      1164     .13748  
    1331      5047   .2081491  
   11255     11465   .0574281  
   11255      5073   .0821805  
   11462      5073          1  
   11255      5256   .0854558  
   11138      6307   .2015597  
    9981      5073   .1407666  
   13313      8939   .0485635  
    5805      4768   .0499744  
    9121      9761   .0525098  
   10114      4818   .1400067  
   12427      5047   .2700053  
    2457      4839   .1100051  
    2457      5073   .4188351  
    4250      5073   .2025018  
    4607      4839   .2268025  
    4607      5073   .3762164  
    7324      3022   .2619696  
    7324      4839   .3086751  
    7324      5073   .3790046  
    7468      5073         .1  
    6841      5496   .2015831  
   11661      7585   .1706457  
    1009      5073   .2555318  
    2952      5073   .4773428  
    4967      4839   .3670954  
    4967      5073   .4840281  
    5758      4839   .6652238  
    5758      5073    .211854  
    7656      5073   .2299997  
   11615      5073         .1  
    1009      3734   .1294127  
   11615      7155   .1991232  
   11615     10983         .1  
    6841      8972   .1222164  
    1009      4321   .1870604  
   11524      7544         .1  
    2872      7648   .1363573  
    6589      6066   .4393806  
   11615      5047         .1  
    8129      6478   .1300578  
    6953      2189   .2204206  
    7107      2189   .1179247  
    6953      6066   .1790821  
    9474      2062   .0907501  
    5198      1209         .1  
    8964      2817   .1500015  
    2065      6382   .1346916  
   10957      3955   .1201891  
    6701      5073   .2457742  
    8358      5073   .0283107  
    8358      2285   .0266254  
    8358      5047   .0220001  
   10957      5047   .1802836  
    2393      5073         .1  
    3650      4839   .0404918  
    3650      8253   .0825622  
    1783      4510   .2109635  
    1783      2805   .2384135  
   10048      2817   .0081099  
    1754      6307   .3358802  
    7624      6307    .204019  
    9234      6307    .737664  
    7624     11259   .1120991  
    1674      5073         .1  
    7491      6066   .5036128  
    2553      2817   .1132042  
    8018      1048   .1734266  
    2802      5816   .2463796  
    2241      2189   .0995986  
    4574      3955   .1142857  
    4574     10097   .1142857  
    4574     11627   .2100179  
    9556      5073          1  
   10852      5073          1  
    4574      6066   .3332221  
    3610      2817         .1  
    3610      4839   .1201942  
    3610      5073   .3543386  
    5181      5073   .1081731  
    6879      7549   .0675073  
    4787      1758   .1300595  
    6026      5073   .0925875  
    9246      5151   .0809412  
    1103      2817   .1529784  
   11206      3955         .1  
    4845     11134   .1450791  
    6509      7585   .1341357  
    7223      7585   .1912158  
   10740      7585         .1  
    6565      6008   .1499869  
    9029      6008   .1699191  
    1103      4839   .1559056  
    1103      5073   .3275699  
    8707      3022         .2  
   11206      5073         .1  
    8927      2285   .0247425  
    8927      2898   .0099997  
    8927      7155   .0230682  
    8927     10809   .0655391  
    5810      5229   .1229205  
    9029     10453   .1499286  
    6911      6066   .1038826  
    8637      6066   .2385394  
    8927      6066   .1845344  
   10740      6066         .1  
   11206      6066         .1  
    9997      5047   .0771637  
   11349      5250   .1093914  
   10777      2817   .0635113  
    3885      9947     .05247  
    5878      4194   .0151863  
    2215      5073    .199114  
    5878      5073   .0416608  
    8949      3022         .1  
    8949      4839         .1  
    8949      5073   .0684917  
    3885      5046         .1  
    8949      2285         .1  
    3885      6066         .1  
   11302      6066   .6504319  
    7822      7077    .108491  
    7822      8972   .0498029  
   10741      6307   .1181862  
    3910      6066   .1788639  
   12414      4864         .2  
   10349      5046   .1874048  
    4344      3955   .4618938  
    8154      3543   .2205274  
    7490      7077         .1  
    1692      1900   .1627201  
    1350      1919   .0915827  
    3485      7648   .1586117  
   10330      6066   .4679853  
    4781      5047   .3933027  
    7490      5047   .0266025  
    7101      9653   .0475621  
    9249      3955         .1  
    9545      3955   .1791624  
   11399      3955   .1226148  
   11139      1392   .1699904  
    4136     10097   .1900025  
    8744      6008         .1  
   10935     10301   .0407939  
    1130      7328         .1  
    6169     10408   .1299435  
    1724      7648   .0999804  
    7431      6066   .4862405  
    9249      6066         .1  
    9249      7648         .1  
    9545      6066   .4468143  
   11134      6066   .1099988  
   11399      6066    .109999  
   11627      6066   .5545844  
    7101      5047   .1300031  
    6585      5860   .3168215  
    6585      6864   .0406957  
    8588      9434   .3215488  
    4451      1919   .1125774  
    8588      7648   .9573661  
    4146      3485   .1974578  
    6309     11636   .1160742  
    3304      7585   .1699729  
    1779      5073         .1  
    3961      5073         .1  
    1779     10301         .1  
    3148     10301   .1045392  
    3961      7155         .1  
    1779      6774         .1  
    4146      4668   .0305231  
    1779      6066         .1  
    7640      6066   .6403509  
    3907      5047   .1129745  
    3961      5047         .1  
    3986      3955   .2698932  
    9511     11064   .1596452  
    3320      5063   .0673658  
    6840      4839   .2616257  
    7416      2285   .1700039  
    3781     10983   .1199447  
    3781      6774   .2100146  
    3344      8972   .4869019  
    3781      8972   .0970961  
    1820      5555         .1  
    3344      3851         .1  
    3781      4961   .0701324  
    9492      1773   .0824602  
    6597     12460   .0896065  
    3787     10308   .1292017  
    1616     10639         .1  
    9443     12673    .120003  
    3344      7648         .1  
    3684      7648         .1  
    3684     11278   .3428501  
    1820      5047         .1  
    3781      5047   .1037522  
    8940      5047    .117391  
    8334      7154   .5717744  
   11688      7642   .1020464  
    5253     11636   .2371942  
   11688     11636   .1096177  
   11688      7327   .1291798  
   11688      8972    .108797  
    5253      9135   .0505625  
   11688     11278   .1496415  
   10291      8479         .1  
   10599     10482    .111712  
    2412      3835   .5462593  
    7178      2817   .0221527  
   10334     11465   .0342551  
    2970      6307   .0845821  
    6268      6307   .1424923  
   10386      6307         .1  
    3710     11535   .1997664  
    7025      9359   .3401516  
   11130      6066   .1693664  
   10334      5047   .0382855  
    6159      6008   .1193317  
   11145      6066   .0659051  
    9818      4839         .1  
    1099      6307   .1567473  
    1099      6066   .1832596  
    9965      5288    .102051  
    3372     10618   .1199809  
   11287     11636   .0299989  
    4199      4839   .1055964  
   11287      3022   .0894467  
   11287      4839   .0918454  
   10335      6774   .2290856  
   11580      5047   .1997793  
    9619      5046   .1442375  
    7583      2574         .1  
    9771      3022   .0401795  
    9771      4839   .1154645  
    9771      5073    .403899  
    6937      7544   .2106073  
    8743      6307   .1541487  
   11465      6307   .4278307  
   11466      6307   .1148081  
    8196      6307   .1099335  
    8196      6928         .1  
   10436      6307   .7511628  
    6527      1609   .1399722  
    6571      4839   .0987014  
    6571      5073   .2352565  
    9949      6307    .290936  
    9410      6307   .8071367  
    4299      8889         .1  
    6023     10482   .1095424  
   11058      9226   .1669054  
    8925      8889         .1  
   11064      6008         .1  
    1098      5073   .2369808  
    6023      5073   .4351175  
    1013      6864   .1161609  
    1085      2146   .1017127  
    1937      3212   .0704054  
    4292      4961   .4499851  
    4292      8286     .11914  
    6847      8286   .1490542  
    8681      8044   .1174832  
   10388      6864    .281853  
   10420      6864   .1040027  
   11064      4961         .1  
    3229      5288   .2070675  
    3275      5288   .1002903  
    9390      5288         .1  
   10284      5288    .110205  
   10372      5288   .1169445  
    9390      6196         .1  
    8844      7544   .2000132  
    8844      9952   .1882043  
    5845      2029         .1  
    1013      6066   .2260024  
    6023      5047   .1314508  
   11064      5047         .1  
    8162      2991   .3872713  
    1281      4672   .0898515  
    1065      3229   .6981199  
    1281      4839   .0377773  
    1281      5073   .0660743  
    1281      6913   .0274996  
    1281      8253   .0379299  
    4279      4839         .1  
    7290      3022   .1099878  
    7290      5073   .2414509  
    4279     10301         .1  
    2537      2285         .1  
    1635      4321   .1211817  
    3289      2141   .1299646  
    4128      2185   .1027612  
    3788     10415          1  
    6608      6066   .2340637  
    9503      6066   .3766053  
    2537     11278         .1  
    4279      5047   .5271062  
   11161      8889   .2483064  
    9308      2574    .255829  
    9308     10867   .1566099  
    3326      3955          1  
    5165      9947    .148423  
    2577      5073   .0993426  
    9313      7155   .1260026  
    2577      6066    .129687  
    4283      6066   .0968948  
    9313      6066   .1879684  
    3326     11278          1  
    6416     11278   .1200006  
    4648      1922   .2498994  
    3938      3955   .1197637  
    5420      3955   .1661666  
    3938      3485   .1062183  
    8365      7585    .144347  
    9650      4839   .1146693  
    1137      2157   .1086956  
    3938      7648   .1291341  
    8365      6066         .1  
    9216      6066   .1477466  
    1264     11278   .2551539  
    5420     11278   .0910163  
    1707      6266   .4399913  
    5818      3955   .3096852  
    6529      3955   .1600028  
    9999      3955    .086846  
    5818      5245    .169991  
   11695      9226   .1509971  
    6529     11627   .1749856  
   11695     11627   .1199865  
    9716      3304   .1400249  
    1707      8889   .1194715  
    6529     10622   .0900684  
    7330      6008   .0927971  
   11695      9716         .1  
    1707     10301   .2311394  
    1707      6774     .13998  
    9598      8972   .0693481  
    7344      6045    .299926  
   11695      6045   .2520505  
   11062      7116   .1099916  
    7469      5288   .1172519  
    5973      6066   .1799966  
    6008      6066    .112803  
    6529      6066   .1424896  
   11693      7648         .1  
   11062      1111   .1099916  
   11062     11278   .0200035  
    2345      5047   .0683519  
    2124      3955   .2329674  
    7960      6856   .1604925  
   10619      2157         .1  
    7960      2285   .0643705  
   10619      8972         .1  
   10619      4961         .1  
    2124      6066   .1198484  
    8062      9234         .1  
    8062      8889         .1  
    7291      5073   .1349329  
    5932      5392   .1880723  
    8062      6066         .1  
    5932      5047   .1329815  
    4962      5860   .1012264  
    3300      3955   .1400494  
    3518      3955   .1300153  
    3981      9947   .1223515  
    5400      3955   .0628536  
    5448      3955   .1355999  
   11683      9947   .1700131  
    3783      5245         .1  
    3952      3282   .1556886  
    1703      9545   .1239979  
    1703     10097   .3830028  
    3300     10097    .265998  
    3952     11627   .2309666  
   10681      9545   .3685036  
    3952     11636    .219484  
    6956     11636   .8264837  
   11408      4199   .1000969  
    3952      8337   .3025135  
   10361      7585         .1  
    4962      3022    .172974  
    6848      5073   .0381975  
    9922      5073   .1175715  
    3399      2157   .2060135  
    4467      7155   .1600063  
   11683      5046   .2299869  
    4639      6774   .0404115  
    3399      4159   .1029485  
   11683      8972   .1300131  
    3214      6066   .5967607  
    3952      6066    .267408  
    4962      6066   .1220094  
    5448      6066   .3860968  
    5791      6066         .3  
   10276      6066   .3574486  
   10361      6066   .4925373  
    4639      5047   .0412549  
   10361      5047   .3784648  
    1879      9653   .2095244  
   11310     10097   .1419355  
    7619      4839   .2068825  
    7619      8253   .1268941  
   11647      6774   .1089672  
    8862     10453   .0687867  
    9746      6307   .0900094  
    4274      6066   .0279464  
    6205      6066   .0988689  
   11310      6066   .0961635  
    6205      5047   .2050919  
    9919      4510   .3161498  
    4838      4839    .478833  
    7873      1602   .1800019  
    4036      2817   .2199983  
    7873      2817    .168372  
    9742      2817   .1089094  
    1372      5073   .2338637  
    1786      4839   .1667217  
    1786      5073   .1637741  
    2157      4839   .0541753  
    2372      3022   .1199816  
    2372      4839   .1368089  
    2372      5073    .277088  
    3685      4839   .1312777  
    3685      5073   .2895895  
    3734      4839   .1967628  
    3734      5073   .1522046  
    4168      4839   .1239559  
    4479      3022   .1500029  
    4479      4839   .2443806  
    4479      5073   .2218899  
    6482      3022   .4025576  
    7086      5073   .1431219  
    7873      4839   .2001535  
    7873      5073         .1  
    9300      4839   .1100233  
    9300      5073   .8081934  
    9656      3022   .1507518  
    9656      4839   .2151816  
    9656      5073   .1873457  
    9742      3022   .1303483  
    9742      4839   .2604107  
    9742      5073   .1892337  
   10004      3022         .1  
   10004      4839         .1  
   10004      5073   .5348398  
   10195      3022         .1  
   10195      4839   .6189016  
   10195      5073         .1  
   10301      3022   .0165769  
   10301      4839   .0421726  
   10301      5073   .0369925  
   10732      4839     .48729  
   10732      5073         .1  
   11100      4839         .1  
   11100      5073         .1  
   11219      3022         .1  
   11219      4839         .1  
   11219      5073   .5853672  
   11261      5073   .2328721  
    8046      2285    .131865  
    8046      7155   .1169012  
    4475     10983   .1840677  
   10301     10983   .0177957  
    4204      5125   .1458698  
    1786      6307   .1206224  
   11222      2285   .1500002  
   10983      4839   .0232071  
    6926      2157   .0901879  
    6926      4475   .1272145  
   10878      7155    .088244  
   10983      2285   .0333489  
    6500     10983   .8588643  
    6926     10983   .0672169  
   10878     10983    .197506  
   11260     10983   .1131842  
    5567     13204   .0926414  
    2959      5047   .5926179  
    6926      5047   .3405293  
   10878      5047   .1252126  
   11260      5047   .2786958  
    1159      2721   .0338662  
    1159      2285   .2358722  
    1159      7155   .0458005  
    2905      7155     .38034  
    3604      2285   .2284317  
    3604      7155         .1  
    6530      2285   .0573792  
    9218      2285    .251895  
    9218      5361   .0935283  
    9218      7155   .1321361  
   11252     10983   .1648336  
    2905      6774   .1488737  
    9218      6774   .0870204  
    3662      5047         .1  
    8717      5047   .3548327  
    5494     11328   .1099642  
    5018      5073   .1212273  
    1847      5046   .1491983  
    1847     11222   .1345185  
    1847      6774   .1092516  
    7077      8044         .1  
    2048      8889         .1  
    6628      3022         .1  
    6628      4839         .1  
    6628      5073         .1  
    2048     10301         .1  
    1173      2898   .2081113  
    4776      2285         .1  
    5535      2285   .1493375  
    7985      2285    .020252  
    6028      6774        .08  
    9484      4159   .1400368  
   10379      5492    .110001  
    6534      6307   .1309109  
    4420      6066   .2561837  
    9395      6066   .1421572  
    9694      6066   .4251238  
    2048      5047   .0915722  
    2694      5047   .0496167  
    2251      5799   .1510365  
    9097      3955   .1849434  
    9490     13204   .1464521  
    2251      8159   .2841226  
    9191      2817         .1  
    8169      3760   .0289253  
   10378      7585         .1  
    9191      5073   .1040215  
    9191      5361         .1  
   10304      5046   .1430919  
    9191      6774         .1  
    1824      5492   .4859142  
    9769      6066   .1004473  
   10378      6066         .1  
    8169      5047         .1  
    4492      4069   .0652709  
    7975      1651   .0978355  
    6532      5650         .1  
    4900      8889         .1  
    2891      7585      .0625  
    4262      6449   .1352709  
    6532      7585   .0579759  
    6532      5073         .1  
   11030     10301   .1036577  
    7975      7077   .0982693  
    7975      5492   .5145009  
    1872      4961   .0004018  
    4900      4961         .1  
    6532      4961         .1  
   10453      4961         .1  
    7975      3980   .3943943  
    2891      6066   .0843301  
    4900      6066         .1  
   10377      6066   .1389827  
    4900      5047   .1627643  
   11126      6266   .0756757  
    3735      3022   .1244003  
   15466      7077          1  
    1778     13204          1  
    8189     13204   .1144491  
   15466      5047          1  
    8054      9947    .340972  
    4972     11636   .1681637  
   11694      2721   .1993896  
    7192      3022   .2836521  
    4972     11118   .1754251  
    8719      6499   .0870536  
    8163      6066   .1903431  
    5392      7155         .1  
    5957     10153   .2300934  
    4280      5382         .1  
   13012      8004   .2408907  
   10407      5073   .1389896  
   11035      6066   .1604526  
    3881      8790   .0481928  
    3712      6307   .1955952  
   10041     11259   .1200204  
    5017     12681          1  
    5017     11669         .1  
   11160      5554    .099835  
    1554      8530   .0665855  
    5850      5046         .1  
    1021     11638         .1  
   10550      6266   .1741189  
    3053      2401    .513732  
   10550      8004   .1320358  
    2252     11636    .139362  
    6039      5046   .1633383  
    1633      5047   .2911333  
    6039      5047   .0548798  
    5880      8889    .361957  
   10456      7648   .2881617  
    4975     10639   .2299898  
    6521     10639   .1724674  
    4448      6307   .4472669  
    7443      7154   .2319885  
    8802      8852   .0300081  
    8484      3955   .1518672  
    4468      6307   .4321108  
    6554      7618   .2453007  
    4328      2189   .1564643  
    7458      5073   .1199999  
   11415      4839   .1012823  
    4328      2574    .189396  
    4328      3426   .0898061  
    9537      5135         .1  
    2493      6066    .322233  
    2550      8585   .0842032  
    2464      5134   .1022116  
    6635      7180         .1  
    6635     11274         .1  
    3900      2970   .0877813  
    6635     11465         .1  
    4202      3022   .2636324  
    6298      8253   .0534236  
    6635      4839         .1  
    6635      5073   .2543243  
   11807      5073   .1099891  
    6635      2157         .1  
    6635      6307   .1702967  
    9566      4503    .450945  
    9566      7008   .5179355  
    7370      5385         .1  
    8210      4503   .1296772  
   10571      3835         .1  
    8833      2817         .1  
    8833      3022         .1  
    8833      4839         .1  
   10645      2574   .1558885  
    5485      2817   .0116531  
    6012      7155   .3828484  
    4572      5047   .0720884  
   11523     10301   .1558305  
   13449     10379   .5909553  
   13449      4961   .1772953  
   13449      6864   .1181678  
   12478      6864         .1  
    5870      4510   .0723682  
    4799      7475   .0050123  
    3108      6537         .1  
    4800      2970   .0058457  
    3814      3022         .1  
    3814      5073         .1  
    8099      3022         .1  
    1843      5229   .0061647  
    8099      5229         .1  
    7884      8972         .1  
    6964      2011         .1  
    8806      3374         .1  
    2783      1301         .1  
    5330      6066   .1516722  
    9810      7017   .0053963  
    4157      4503   .1663946  
    4157     10482   .0611727  
   13277     10482   .1696545  
    4157      1789   .1399978  
    4157      2927   .0713712  
   10896      5743   .1822313  
   13277      4240   .1403269  
   13277      4242   .0881968  
   10671     10862   .2235736  
    7990      2803   .0935647  
    7994      2803   .1186189  
    9810      1224   .1048204  
   10896      4404   .1112267  
   11506      5002   .1799806  
    3130      8248   .0896426  
    3206      2827         .1  
    2986      5148   .3520604  
    2986     10482   .3558562  
    7734      2418   .0837671  
    3206      1755         .1  
    3206      4961         .1  
    3206     10165         .1  
    5744      5743   .1464043  
   60874      7433          1  
    3206     10801   .0484171  
    3206      1301         .1  
    3198      8248   .5400673  
    6135      5381   .1030817  
    7478      6104   .1727055  
    6049      4510   .0300011  
    6135      9652   .1099994  
    6135     10480    .109456  
    8175      7475   .0697256  
   10446      4839   .1083131  
   11236      6307   .0227902  
    1995      5250         .1  
    8810      6266   .0035816  
    1995      9316         .1  
    8810      4503   .0098263  
    1995      2189         .1  
    1995      4195         .1  
    7380      3835          1  
    3033      2817   .0586895  
    1995      1620         .1  
    9194     11636         .1  
    9857     11465   .0084319  
   12612      3532         .1  
    6825      4839         .1  
    8810      5073    .004015  
    9194      5073         .1  
   12612      3022         .1  
    2856      6066   .0635709  
   12612      7648         .1  
    6825      5047         .1  
    9857      5047   .0357118  
    7974      2189         .1  
    7974      6537         .1  
   10801      2189   .0350007  
    4954      5439         .1  
    1049      7544          1  
   11407      3485         .1  
   11867      5073   .5600698  
    3772      2029    .126081  
    3791      6066   .1499361  
    1172      5399   .3670989  
    5968      5073   .1274116  
   11318      5250   .1920089  
    8222      5790         .1  
    3184     11259    .266972  
   10560      9761          1  
    8350      5073   .0468763  
    8905      4818   .0946976  
    8905      2991   .0325155  
    8905      4503   .0267221  
    8905     10482    .035264  
    7295      5288    .125362  
   11369      7620   .1079137  
    9263      4860   .4118516  
   11361      2874   .1399986  
    3302      6066   .0940088  
   11510      4875         .1  
    7090      1240   .1976708  
   10260      6834   .1179485  
    2213      9155         .1  
    2213     13961         .1  
    9001      4839   .2259474  
    9001      5073   .3778139  
    6764      3980   .1042316  
    9927      2272   .1518364  
   10592      3980   .1309091  
    6454      6502   .1838437  
    8371      6502    .340914  
   10188      5151   .4291869  
   11813      3051    .075215  
   10182      1240   .2713346  
    9633      4503   .1385246  
    1094      2401         .1  
    5305      1788   .1637081  
    7954      9381   .0788688  
    6127      7433          1  
    9748      6307    .133444  
    7321      5046   .0298245  
    7570     11259   .0881367  
    6858      7077         .1  
    6858      4961         .1  
   10814      6307   .2104208  
   10814      1240    .092973  
    8063     10983   .1145556  
    6252      3851   .0500226  
    3373      6260   .5072149  
    3373      9359   .0629946  
    5645      4839   .1661402  
    8794     11636         .1  
    7092      4839         .1  
    7092      1908         .1  
    7092      6066         .1  
    7092      5047         .1  
    7121      5073   .1581964  
    4989      2193   .5190446  
    5857      9297   .1843862  
   10140      8889    .102269  
   10140      9470   .1242682  
    5746     10482   .6505377  
    7959      4503         .1  
   10504     10482   .0991111  
    3958      8889   .2565401  
    6661      4975   .3692053  
    7426      7017   .4973958  
    5763      3022   .1221975  
   11220      7544   .1280727  
    1956      4538   .0522776  
   10113      4864         .1  
   11700      6008         .1  
   10460      9653   .1214437  
   10460     10482   .3097865  
    9595      6928   .0458787  
   10347      7544   .9631174  
    1112      5055   .0912791  
    1112      5071         .1  
    2263      5055         .1  
    2263      5071         .1  
    1933      8479   .0500002  
    2263      6266         .1  
    1933      3022   .0700006  
    6212      4839   .1097236  
    1315      4598         .1  
    1315      6864   .4399701  
    3750      8643   .0137812  
    3667     10419         .2  
    5941      9650   .0261016  
    5941      6066   .0780241  
    5397     11038   .1203322  
    5397      5148    .065468  
    5397     10482   .1057178  
    4273     10301         .1  
    2538      5073   .1072081  
    9277      5361   .1417792  
    9277      7155    .294877  
    8892     10983   .3999299  
    8892      6774   .1542747  
   11213      8286    .053839  
    9277      6326   .1046143  
    1781     11465   .1468685  
    5422      7585         .1  
    7227      4839   .5004936  
    4421      8308   .1850022  
    4421      6864         .1  
    1781      5047   .1513278  
    6362      2189   .1338242  
    6785      5073   .0482388  
    6046      6066   .1554582  
    8145      4503   .0761556  
    9592      3955   .5101299  
   13834      3955          1  
   13834      2157          1  
    5996      6307    .066883  
    2006      2024   .1388402  
    1046     11104   .1484375  
    1958      6066   .1151484  
    5996      7648   .1998285  
   10026      5047   .0415062  
   13834      5047          1  
    9804      6865         .1  
    2138      7692   .1441593  
    7817      3955   .3267327  
   10588      9947          1  
   11083      3955   .1557832  
   10588     11636          1  
   10830     11636   .2099682  
    3773      3755   .1069767  
    1896      5073   .2835639  
   11121      3022   .1199221  
   11484      2285         .1  
    1073      2185   .0495456  
   10588      6066          1  
    5962      5076   .0383881  
    6696      5047   .4090406  
    7110     11636   .1385495  
    4139      4199   .1530124  
   10602      5073   .1450288  
    4291      6066   .1749354  
    3957      6307   .2160473  
    2322      3022         .1  
    2322      4839         .1  
    2322      5073   .1846776  
    7860      3980         .1  
    7932      4321   .0446621  
    9785      6865         .1  
    6269      4062   .4847243  
   11211      4062   .1900118  
   25682      6266   .2841102  
    5612     10482   .2366882  
    6324      1627    .075436  
    9385     10839   .1051113  
    9299      5073   .1453922  
    8868      2796         .1  
    8868      6928   .0420742  
    5445      5860    .615088  
    5206      8889   .6831622  
    5378      4839         .1  
    5378      5073   .0510736  
    6811      3022    .083137  
   10412      3022    .083137  
   10998      6901   .1770275  
    5378      6307   .0607149  
   10371      6861   .1800018  
    8765      5886   .1428571  
    6714      6307   .1097397  
    6714     11259   .2363645  
    3574      2185   .3195081  
    9213      3282   .2000066  
    9695      4503   .4940476  
    5421      9890         .1  
    1497      6066          1  
    1884      6066   .1583173  
    1884      5047   .1479756  
   12890      1788   .1046866  
   11480      1104   .0766871  
    7995      7544   .0935695  
    5961      5071   .1100326  
    5828      6266         .1  
    6876      4598         .1  
    5828      6404         .1  
   10525      1106   .1299342  
    1687      4839   .6553694  
    1154      5361         .1  
    9516      6774         .1  
    1154      5047         .1  
    5118      6495   .0905068  
    5118      9560   .6180769  
   10303      5047          1  
    4410      7585    .245523  
    2519      7155   .1128139  
    8110      7017    .023259  
    9552      9587   .0996666  
    8190      4503    .021362  
    7753      9545   .2009387  
    7753     10097   .2583499  
   10827      8618   .0869565  
    5614      2285   .0688223  
    5614      7155   .0798497  
    5614      1908    .075226  
    7980      2137    .222176  
    7980      2141         .1  
    1300      4839          1  
