   13468      6830   .0298723  
   13468      6506   .0090611  
   13155      5680   .1100962  
   12750     11259   .0866343  
   19965      8675   .0716704  
   13097      6104   .4345724  
   13156      5862   .1939562  
   11993      6266         .1  
    9728      7815   .9999999  
   14465      4371         .1  
    4878      1789          1  
   11440      5135    .098232  
   30730      5135   .1999998  
    7815      8290   .1414743  
    1544      7017   .1141603  
    4052     11038   .1627595  
    5757      7017   .1170791  
    5757      9653   .1100005  
    6896      7620         .1  
    8049      7017   .4471004  
    8341     14878   .1701735  
    8521      9653    .265857  
    8627      7017   .3443269  
    9022      9653   .1995119  
    9406      9653    .197528  
    9437      7017          1  
    9505      7017    .127451  
   12039      7620    .100749  
   12044      7017   .0939961  
   12510     14878   .6134585  
   13130      9653   .1216474  
   14251      7276         .1  
   14556      7017   .9508197  
   15284      7017   .1000443  
   20064      1678   .1263574  
    2128     11559   .0811359  
   20553      9772   .1300746  
    1678     15257    .169628  
    2257     10482   .1115702  
    4166      1537    .251046  
    7159      2991   .3590323  
    7159     10482   .1912867  
    7276      7008   .2226103  
    7678     10621   .3768236  
    7934     10482         .1  
    8324     15257   .0946947  
    8521      2991   .4700409  
    8627      2991   .1921118  
    8838      2991   .0767033  
    8838     10482   .1202685  
    9022      2991   .4551003  
    9406     10482   .1272142  
    9505      4503   .0462963  
    9505     10482   .1157407  
    9859      4503   .1214446  
   10148     15257   .1752158  
   13130     15257   .1347331  
   14251     15257         .1  
   15060     15257   .0693538  
   15291     10482   .3476302  
   20553      1537   .1325601  
   21791      4503   .3236217  
   22255     15257   .1809893  
   22323     15257   .1553708  
   25956     15257   .8224075  
   26013     10482   .0947317  
   10938      1365   .1841212  
   10148     10165   .0926194  
   22255      9810   .0442802  
    4844      8151   .2933386  
    2697      8001          1  
   14815      1240   .2798962  
   14228      2547   .7359551  
    9859     19798   .1014199  
    2304      7017   .1797321  
    9258      9653   .1200013  
   11644      9653   .0722608  
   11925     11038         .1  
   14458      7017   .1000588  
   15759      9653   .0279099  
   16932      9653   .1400019  
   20134      7017   .0952876  
   22020      9653   .1543114  
   28338      9653   .2401313  
    2270      2991   .0508482  
    4367     10482   .0660836  
   10306      1848   .0486714  
   10306     10482   .0846027  
   11644     10482    .282731  
   11925      2991         .1  
   15759      4503   .0337005  
   15759     10482    .013428  
   22020      2991    .292366  
   22020     10482   .1701336  
   28703      2991   .0999983  
    3600      1365   .3763326  
   13174      6403   .1568173  
   13174      7017   .1967674  
   13174     14878   .2052858  
   13174     15257   .3325138  
    9623      7276    .098564  
   21237      9653         .1  
   21237     14878         .1  
   25509      7017        .05  
    9623      2991   .1154752  
   25509      4503   .1300179  
   25509     10482   .2495589  
   28621      2991   .2674792  
   12256      3955         .1  
   12256      7123   .0836385  
   12256     18467         .1  
    8095     10970   .0038765  
    8095      1755   .0528872  
    8095      6537   .0979775  
    5936      5135   .1887512  
    5936      8248   .0166826  
   29317      3955   .4726383  
   29317      7585   .0901984  
   29317      6008   .0029234  
   12595      8972    .256749  
   23195      7017         .1  
    5978     12567   .1139844  
   22838      2991   .2917959  
   23195      2991   .1124054  
    2497      4961   .1027286  
    4115      4961   .0592722  
    7635      8290   .1929964  
    2340      1848    .100264  
    2340     10482   .1175708  
    8028      7366   .0930245  
   24749      7585         .1  
   24749     17110         .1  
   24749      6066         .1  
    9303      5071   .1561843  
    7696     23942         .1  
   11713     11259    .093932  
   12614      5208   .1539196  
   12409     11259    .168708  
   23950      9359         .1  
   13324     16603   .1798329  
   11424     12409   .2575809  
    3245      6375   .2265815  
    6573      4839         .1  
    6573      5073         .1  
   25362     10247    .148008  
    3657      1193   .0004743  
   10899      6502   .2619342  
    6029      2991         .1  
   29434      9359   .1100311  
   25026      3813   .0895285  
   25026     28648   .1465012  
    4809     11535   .1399032  
    8336     11259   .0367454  
   27926     11259   .2519481  
   24755      7154         .1  
   14932      8479   .1440005  
   15273      8479   .1260932  
   20054     21078   .1666667  
   25799      9548   .0580055  
   28844      7154         .1  
   24991      8530   .1825817  
   20789      9359   .1094481  
   29342      9359   .1632983  
   14994     11259   .1253788  
   24884     11259   .0945951  
   14550      6307   .1440006  
    3622     11259   .1391731  
    4635     11259   .1507036  
    9963     11259   .0549729  
   13231     11259   .1511796  
    1235      2086    .274045  
    5377      4839   .1300007  
    9206      6307        .11  
   10764      6307    .091192  
   27923      6928   .0748855  
    9293     11259   .1423289  
   30884     29264   .0979941  
   25399      7922         .1  
   27923      7922   .1221182  
   21281     12631   .0700125  
   11486      3022          1  
   11486      3022         .1  
   11486      4839          1  
   11486      4839         .1  
   11486      5073          1  
   11486      5073   .1809607  
   29087      3022   .1032459  
   29087      4839   .6480447  
   29087      5073   .0775051  
    2788      4768   .1483744  
    6768      6928   .0931179  
    8551      6307         .1  
   25431      6928         .1  
    4993     11259   .4837037  
    6214     11259   .1900032  
    6468      3813         .2  
    7018     11259    .092515  
   12231     11259   .2659767  
   19402     11259   .1199979  
   23062      3813         .1  
   23062     11259   .0263143  
   23577     11259   .4104688  
   25431     11259   .0383892  
   29125     11259   .2735968  
   29125     10639   .3199885  
    8219     12631   .0643357  
    8551     12631         .1  
    5456      6307         .1  
    5456     11259         .1  
    7617     11259   .1952579  
   25951      3813   .0259927  
   25987     11259   .1015256  
    6376      6307    .143637  
   12450      3964   .1150589  
   18579      6307         .1  
   21950      6307    .228991  
   24032      6928   .1404466  
   29806      6928   .0499966  
    2113     11259   .1959883  
    9290     11259   .1252539  
   11626      3813   .1099942  
   11626     11259   .1000031  
   14936     11259   .3011452  
   18701      3813         .1  
   18701     11259         .1  
   21950     11259   .1243156  
   25914      3813   .1716128  
   27843      3813         .1  
   28450     11259   .0519962  
   24492     15346   .1949023  
   24492      7922         .1  
    9402      6307   .2133449  
    7644     11259   .1257145  
    9402     11259         .1  
   13435      3813         .1  
   13435     11259         .1  
   24542     11259   .1469917  
    3833      4768   .3090043  
   27957      6307         .1  
   28676      6307         .1  
    1278     11259   .1600003  
   27957     11259         .1  
   28676     11259        .11  
   29926     11259   .1499915  
    7001      5558   .1045023  
    7001      5680   .1404909  
   25295     11259   .1300014  
   29156      5680    .140283  
    8386      9761   .3033091  
    8386      4768         .1  
   12379      5680         .1  
    8101      6307   .1298681  
   28936     11259   .0772798  
   28801      5564   .1154392  
   10186      2086   .0659521  
    9243      9818   .0999977  
    2508      6307   .1798789  
    4055      3022   .4483455  
    4055      4839   .2415287  
    4055      5073   .1634287  
   16477      3022          1  
   16477      4839          1  
   16477      5073          1  
   25187      3022          1  
   25187      4839          1  
   25187      5073          1  
   25164      7155   .1316246  
    6038     10983          1  
    6038     10983         .1  
    6038      5047          1  
    6038      5047   .0499993  
    4553      5071         .1  
    4553      8479         .1  
    4553      7154         .1  
   10093     10588   .0029902  
   25389     10846         .1  
   24999      2111         .1  
   24999      5518         .1  
    3415      2086   .1200106  
   24493      9104         .1  
    5133      9004   .0950659  
   13553      9818   .1963508  
   28816      7171   .1202789  
   10116     11259   .2200017  
   14470     11259   .1203194  
   27755     11259    .105475  
   22991      6502   .1874287  
   27755      6502         .1  
   28834     10639   .1180903  
   23491      6502   .1037356  
   24751      6307   .1000187  
   24325      9818         .1  
   29937      3813   .1827909  
   29937     10639   .1230495  
   23948     16603   .1016946  
   23948     22184   .1396261  
   23948      2034   .0336401  
   23948     28990   .0469326  
   25664      7853   .2399993  
   14399     12673   .0648488  
   19103     10705   .0699698  
    5161     11259   .1152134  
   25017     11259   .1364565  
   12546      6307   .1316674  
   12895      5134    .146734  
    1533      5589   .1228349  
   24794      2991   .1100068  
    1533     10983   .0030011  
   29274      7409   .0225143  
   14549      6081   .0999944  
    5811      4245   .1595745  
    5811      6266   .1802697  
    5608      2285   .1770693  
   28194      5229   .0224817  
   31689     14446   .0096154  
    1359      8530   .3370197  
    2225     14446   .0665049  
    3011      6266   .4243919  
    5336     10243   .7568246  
   11949     10243   .3217744  
   13308      6730   .3873459  
   13599      7257    .154953  
   14290     15708   .2519901  
   19069      8530          1  
   20983      4245   .4662005  
   22250     25144   .1300447  
   24068      7257   .3850653  
   24174      6730   .4310863  
   24220      6730   .6119155  
   24661      6730   .3813768  
   25067      5020   .4099547  
   25067      6730   .7600611  
   25813     24782   .0566553  
   25937      8530   .4054695  
   25937     15708   .4605439  
   27756      6730          1  
   27998     27998   .2675801  
   29252      7536   .4901653  
   29650      6730   .5437469  
  104904      8530   .0054997  
   23812      1602   .7681664  
   29252      1602   .5098348  
   13393      2111   .1657382  
   29650      2111   .2474828  
    1902      8213   .0800132  
    7040      7171   .1727667  
    7637      7171      .0832  
   13365      7171   .1400072  
   16488      7171    .150629  
   24689      7171   .1202476  
    2950     11259         .1  
   24782     11259   .1222942  
    8526     13961   .2533661  
   13765     24637   .4788303  
   13599      5047   .2143753  
   23000      5047   .1304348  
   12180      8530   .3537679  
   12381      8530         .1  
   13235      6730   .0518827  
   24892      6730   .9376285  
   23922    119053          1  
    2897      5169   .1387486  
    7526      2111   .4899375  
   12180      2111   .0794644  
    7503      6096   .6745071  
   10401      5288   .1259816  
    2897      1594   .1223158  
   13786      9514   .0372268  
   29439    100080   .1532599  
   13786      4061   .0602821  
    2226      7257          1  
    2237      7257         .1  
    3116      7257   .6018121  
    4409      2086   .0415973  
    5885     20784   .0915566  
   12181      6730   .2494761  
   12181      7257   .1189159  
   12252      8530   .6486676  
   12275      2086   .4199978  
   12397      8530   .7549285  
   13282      6730    .841789  
   13334      2086   .2941377  
   13786      6266   .1932118  
   15414      2086   .0986472  
   16480     24302   .9972299  
   24008      7257   .1830949  
   24699      6730         .1  
   24778      6266   .1100142  
   24881      6266   .1871227  
   27920      7257   .5305355  
   27920     12732   .2811358  
   29127      5020          1  
   12181     12181   .2006524  
   12275     24366   .1490825  
   24881      2846   .5919495  
   24904    119053   .9314141  
   27920    119053   .0441852  
   28563    119053   .2228927  
   30645    119053         .1  
   30742      1602   .9999999  
  119053     28220   .0362223  
   13282      2230         .1  
   26034     10115   .6935835  
    1602      7171   .1645209  
    3888      6307    .280137  
   25959      2086    .296969  
    8073     11259   .2008715  
   12630     11259   .1219682  
    8073      4137   .0642435  
   23938      7116   .2700664  
    3693     11259   .1150722  
    3840     11259         .1  
    9521     11259   .0953865  
   23133      7148         .1  
   25989     11259         .1  
   23133     11535         .1  
   23133      9155         .1  
    3503     28398   .1923239  
   15110     14124   .0635252  
   24894     10443   .0798618  
    1244      5250   .5824106  
    1585      2991   .1509852  
    1244      4839         .1  
    1244      5073   .0207152  
   20185      5680   .0818212  
   15426      3022         .1  
   15426      4839         .1  
   15426      5073         .1  
   15426      5691         .1  
   11234     11259   .1049796  
   21116     10244   .0719512  
   31526     28387         .1  
   22447      5757         .1  
   22447     14878         .1  
   27855      7017         .1  
    5903      4503          1  
   10621      4503   .1010475  
    9652     10862          1  
   19427      3051   .0676559  
    5234      3022         .1  
    5234      4839         .1  
    5234      5073         .1  
    5234      5691         .1  
    5802     11584         .1  
    7906     11584   .1330284  
    9004     11584   .0357179  
    3200      3022         .1  
    3200      4839         .1  
    3200      5073         .1  
   11618      3022   .0222713  
   11618      5073   .0919998  
    4819      2285   .0492063  
   15351      6066   .0696871  
    2264      5073   .2068106  
    5508      3022   .1295442  
    5508      4839   .3332443  
    5508      5073    .343429  
    8648      5073   .2611452  
   20893      5073   .1227513  
    2264     10301   .1179978  
   11376      2111     .11442  
   29234      8213   .1139983  
   22817     11259   .2963063  
   12204      2086   .0392264  
   12204      2721   .0349626  
    4463      5046    .059231  
    4463      6774   .0588956  
    6431     11259   .2419387  
    8226     11259   .1440471  
    6431     10639   .1786233  
   24105     21487   .0000281  
   12148      5589         .1  
   13680     11465   .1336216  
    8197      4839   .4340141  
    8197      5680         .1  
   14854     11259   .1099997  
   21381     11259    .070001  
   29008      4839   .0277373  
   29341      4839          1  
   12284      8479   .2271947  
    8465      4510   .0395964  
   12467      9280   .7517954  
   11591      5073          1  
   11591      5073   .0983607  
   21701      2285         .1  
   29904     10519   .0676757  
   21701      2146         .1  
   21701      8287         .1  
   21701     10980         .1  
   16469      7194   .0231386  
   21701      5772         .1  
   14883     11259   .1002385  
   29904      6066   .0977411  
   31016      6307         .1  
    2061     11259    .128077  
   10127     11259   .1587631  
   29431      7922   .0400065  
   22205     11584   .1605489  
   14462      3022   .1327923  
   14462      4839   .2008465  
   14462      5073   .2304789  
    8957     11259   .1433929  
   21444     10970         .1  
   21444      2189   .1497155  
   21444      6537         .1  
    9058      9815          1  
    8105      3121   .1438842  
    8105     11259    .169489  
   10044      5073   .0930934  
   11600      3022         .1  
   11600      4839         .1  
   11600      5073   .1086916  
   29131      5073   .1699818  
   12094      1225         .1  
   15195      2811   .1017068  
   12094     12604         .1  
    8783      1755   .1663859  
   17967      1755   .0184653  
   29968      1755   .0230166  
   30464      6531   .0132241  
   28944      4199   .0955347  
    6531      5073   .1255872  
    6537      5073   .1051365  
   13351      5073   .1166038  
   24321      5073   .1168258  
   29954      4839   .3149117  
   29968      5073        .23  
    6531      2285   .1049521  
   13327      2811   .1842028  
   28958      2817   .1790783  
    6044      3022   .2265519  
    6044      4839   .2114295  
    6044      5073   .0999994  
   10132      3022   .1428875  
   10132      4839   .1224049  
   10132      5073   .2275609  
   28958      5073   .1015152  
   28958      5046   .2286495  
   28958      5047   .2592393  
   23420     15102    .010156  
    8100      5047   .5154608  
   28334     16603   .0254645  
    8051      8123   .3796389  
    8179     13632   .1999963  
   14450     13135   .1199991  
    2535     10816   .1037819  
   12254      2146    .198352  
   12254      4961   .2798508  
   29424      5288   .0509859  
    4568     10983   .0819688  
    5061     11259   .1390604  
   15286     16603     .34145  
    1988      8479    .036816  
   11670     10845         .1  
   12651     11259   .1100025  
   13313      8939   .0046943  
   30909      6307   .1859993  
   25964      1209   .1044746  
   11764      2991   .1924673  
   12143      3955   .2207369  
   22264      3520   .4234429  
   15108      5047   .1905414  
   15127      6307         .1  
   13379      1240         .1  
   13379      6802         .1  
   13379     14832         .1  
    4250      4839   .1541547  
    4250      5073   .1541547  
    4545      5073         .1  
    4607      4839   .4069105  
    4607      5073   .3314865  
    7324      3022   .2270947  
    7324      4839   .4097256  
    7324      5073   .2772036  
   28518      6537   .0497889  
    1009      3022   .1099884  
    1009      4839   .2513423  
    1009      5073    .204164  
    5758      3022    .194316  
    5758      4839   .6117061  
    5758      5073   .1692597  
   28518      5073   .0761415  
   30598      3022   .0800032  
   30598      4839   .7699979  
   30598      5691   .0800032  
    6841      5046   .0788124  
   11615      2285   .5400011  
   11615      7155         .1  
   11615     10983   .5344504  
    6841      9218   .1036164  
    6841      8972   .1649922  
   29395      2574   .1400024  
   29395     10867   .1000027  
    1009     23218   .1000024  
    6841      2504   .0830409  
   11615      5047         .1  
   11661      5047         .1  
    7107      2189   .2688494  
    7107      5073   .0926068  
   12596      7246   .1379171  
    7762     11259    .291024  
   13719      9653   .2199256  
    8964      2817   .1584207  
   28828     12581   .2310368  
   28828     20900   .2719552  
    6701      3022         .1  
    6701      4839   .1343917  
    6701      5073         .1  
    3650      3022   .0620094  
    3650      4839   .0394993  
    3650      6081   .0663663  
   28981      8253   .0905326  
    3650     10443   .0157938  
   14954      3835         .1  
   28295      3835          1  
   14954      2817         .1  
    1754      3022   .0036827  
    1754      6307   .2649075  
    6494      4839         .1  
    6494      5073         .1  
    2283      8802   .0088072  
    2295      9653   .1119612  
   15126      6403   .1097159  
   15126     14878   .1429153  
   24841      4503         .1  
   10666      4598   .1191434  
    1297      3022         .1  
    1297      4839         .1  
    1297      5073        .25  
    9556      3022          1  
    9556      4839          1  
    9556      5073          1  
   12161      3022   .1200026  
   12161      4839   .1399987  
   12161      5073    .580004  
   16475      4839    .245107  
   16475      5073    .085907  
    8229      5256    .108761  
    8229      6307   .2241169  
    9718      5650         .1  
   30710      3955   .1299224  
   11124      9545   .1097572  
   28938      9545    .116049  
    6509      7585   .0442887  
   15293      7585    .109994  
   15331      7585    .153194  
   28938      7585   .1542065  
    1704      6008   .1435894  
    6509      6008   .3190736  
    6565      6008   .1303643  
    9718      6008   .1599988  
   28502      6008   .1600655  
   29918      6008   .2810038  
   30781      6008   .4899818  
    8707      3022    .079995  
   30068      8253   .1604448  
    9997      7155     .10985  
   30710     22144   .1000287  
    1606      7070   .0767194  
    1704      6066   .1208117  
    6565      6066   .1000025  
    6911      6066    .662004  
    8637      6066   .2199861  
    9029      6066   .1585121  
    9718      6066   .2337084  
   14623      6066   .1100058  
   15160      6066   .1937516  
   15293      6066   .2457817  
   15331      6066   .1920224  
   28502      6066   .2669986  
   28884      6066   .3683883  
   28884      7648    .016757  
   30187      6066    .330048  
    9997      5047   .6623551  
   11349      5250   .1438971  
   11302      3835   .0367665  
   10777      2817   .1239595  
    3885      5860         .1  
   11302      6066   .6885862  
   10434      2024   .3081991  
   29894     11749   .3400115  
    2375      4839    .080844  
    7822      2285   .1153329  
    2375      2574   .0733054  
    2572     10056   .1487451  
    9813      2991   .1326873  
    5621      4839   .7507845  
   10741      6307   .1880554  
    8934      7585   .1559762  
    8934      4839         .1  
   10349      4510   .1236378  
   18876      4839   .1200254  
   18876      5073   .2999841  
   18876      6066    .159981  
   10349      5047   .1805295  
   14888      5650   .2000169  
   29936      7585   .8600512  
   27540      1318          1  
   21251     12171         .1  
   21251     14895         .1  
   14489     15521         .1  
   14489     24779         .1  
   10107      6066   .1396942  
    1055     13525         .1  
    1392     18467   .0210284  
   10107      7652   .0226643  
   13315      2504   .0889036  
   14888      2504   .2544924  
    7333      3955   .1844501  
   16729      3760         .1  
   30831      5650   .8812397  
    1724      1392         .1  
    1724      3282         .1  
   14377      3282   .1354362  
   24608      7123   .2410541  
   24608      8867   .0900007  
   26247     11636    .110073  
    6169     14895   .1099043  
   28538     12171        .15  
   28538     14895         .1  
    7123      6066   .1732599  
    9116      6066   .1089991  
   11399      6066   .1099997  
   16729      6066   .1712546  
   16729      7648         .1  
    1724     11278         .1  
   16729     11278         .1  
    1724      2504         .1  
   12053      2504   .0710546  
   25342      7585   .0922788  
   23004      2504   .0024615  
    5119      5047   .1150192  
   23875      8852         .1  
    3048      3760   .1444571  
   23956      3955         .1  
   23987      3955   .2635973  
   24357      3955         .1  
   27903      3955   .1121387  
    7640     23995   .2523616  
    4340      9545   .2128456  
    9311     20779   .3567832  
   24357      7821   .0600039  
    6130      7585   .0800065  
   28253      6008   .1405915  
   23875      3022         .1  
   23875      4839         .1  
   30131      4839    .190097  
   25748      7077   .1047734  
    3769      5492   .0115694  
   30203     10984   .0799877  
   29659      6864   .1454529  
   13265      2860   .1301594  
    3961     14895   .1127098  
   14537     12171   .1573991  
   24093     12171    .122427  
   25115     14895   .1500152  
   25958     12171   .3275954  
   28147     12171    .119027  
   29079     12171   .2100013  
   29366     12171   .0700028  
   29366     14895   .1800009  
   23875     11259         .1  
   24357     11818         .1  
    4340      6066   .2150639  
    5869      6066   .7045945  
    7640      6066   .1839324  
   13011      6066   .1548524  
   15353      6066   .1505174  
   16710      6066   .1080045  
   23987      6066   .1372274  
   27903      6066   .2899999  
   30131      6066   .3266982  
   31021      6066   .0599851  
   25786      7652         .1  
   28147      2504   .1290533  
   17238      2721         .1  
   25774     11636   .1952086  
    8562     10422   .2131486  
    3781      7155    .115994  
    7416      2285         .1  
    3781      6774   .1839977  
    3781      7077   .0860157  
    3781      6807   .1337164  
    3781      8972   .1757694  
   25554      4159   .1040003  
    7416     14266   .0406378  
    3684      4598   .1518498  
    7336      6864   .1879874  
    3787      1919   .1030975  
   25945      3813   .4350398  
   25945      9359   .1340256  
   25945     12673   .1731269  
   25441      6066   .0680024  
   14113     11278   .2799847  
    8748      2504         .1  
    8940      2504   .4013937  
    3781      5047   .1062594  
   12329      5047   .0241846  
   10422     10845         .1  
   10422     11259    .049075  
   28203     14152   .7101309  
    8334      7154   .2447786  
    3370     11278   .1744555  
    5253     11636   .1159152  
    5253     10622   .0696088  
    5253      9135   .4270119  
   15761      6307         .1  
   15761     11259    .051329  
   21534      6066   .5555556  
   25103      6502   .2531847  
   24517      8874   .0599263  
    6268      8479         .1  
    6268      2086         .1  
    6268      4503         .1  
    6268      2817         .1  
    6268      3022         .1  
    6268      4839         .1  
    6268      5073    .158975  
    6268      5691         .1  
    6513      4839   .1001442  
    6268      6307         .1  
   10386      6307   .0331869  
   13841      6307          1  
    6268     11259         .1  
   21542     11259   .4473134  
   13611      7154   .1249965  
   21542      7154   .1499363  
   23498     18358    .328565  
   11145      6066    .116665  
   10382     11636    .058324  
   25747      5073   .0978251  
   25918      9653   .0535771  
    3372      7081   .1361963  
   12831     10482         .1  
    3372     10618   .1100158  
   29146      3282    .601871  
    4199      4839   .0608327  
   25918     10301   .0706777  
   11580      5047    .261268  
   22772      1243   .3464014  
    5939      1608   .1683599  
   25929      3022   .1652534  
    5549      4839   .2347731  
    9771      3022   .0921089  
    9771      4839   .2102946  
    9771      5073   .1253783  
   11465      6307        .19  
   14620      6307         .1  
   24382     11259    .245918  
   24079      5558   .1593473  
   24079      5680   .3492201  
   24079      6829   .0932603  
   24537      6928   .3401339  
   29065      6307   .2119819  
    5572     11259   .1363703  
    9181     11259   .2438596  
   11531     11259   .1930025  
   13148     11259   .1135741  
   22087     11259   .2372849  
   25015      3813         .1  
   25015     11259   .2870548  
   25326     11259   .2808699  
   29065      3813         .1  
   29065     11259   .0622237  
    6527      1537   .1399945  
    6527      2991    .125119  
   14457      2290   .0169969  
   24969      5680         .1  
   29036      5558         .1  
   29036     13207   .0547989  
   21552      6307   .1210888  
   29036      6307   .1955971  
   12846      3813   .0999951  
   12846     11259    .119999  
   24969      3813         .1  
   24969     11259         .1  
   12788      3022         .1  
   12788      4839   .1075204  
   15135      3022   .5167489  
   24953      4839   .1822984  
   13354      8044         .1  
    3547     11259   .1602304  
    4322     11259   .4728802  
   27828     11259   .1837084  
   30656      1594   .0900404  
   30656      6229   .0900404  
   13354     13649   .0599991  
    3306      5860   .1240303  
   25563      3955   .1055495  
   11058     19043   .0299911  
   29350     20031   .0949296  
    3705      7585    .125772  
   13608      6512   .0899979  
   13015      7155         .1  
    3229      1318   .1980075  
   10388     10984         .1  
   24543     10984   .1099963  
    3229      8283   .0039162  
    3705      1485   .1300005  
    3705      6864   .1813701  
    4169     10980   .3595149  
    8681      8044   .0540332  
   10388      2146   .1148476  
   10388      6864         .1  
   10388      8044   .1200043  
   13939      1485   .2596626  
   14264      2146   .0915186  
   14264     10980   .0900164  
   15200      2146   .1659486  
   20903      4961   .4771391  
   21106     10980   .2000115  
   24543      2146   .1300054  
   24543      8044   .0999967  
   25619      6864   .7326313  
   28848      2146   .5326682  
   28848      2839   .0893929  
   28848      8286         .1  
   29822      1485   .2020118  
   30576      8287   .1249948  
   13015     12171   .1499925  
   13015     14895   .1759945  
   29763     14895   .1322984  
    3229      5288    .343156  
    3275      5288   .0700011  
    8633      5288    .104727  
   29350      5288    .114181  
    4123      1107         .1  
    4123      3552         .1  
   21106      6307   .1625956  
   22170      6307   .1608054  
   13443     28930   .1615968  
   21204      6066   .2800069  
   29350      6066   .1792376  
    3306      2504    .088039  
   13015      2504         .1  
   28910      2504   .0999009  
   27197      1988   .0685321  
    1281      7585   .0632202  
    1281      4839   .0975708  
    1281      8253   .0405507  
    3831      6774    .109924  
    8162      6774   .0421125  
    5063     10379   .1213633  
    7268      8972   .1029639  
   18549      5492   .2733837  
   12212     10984         .1  
   12212      4961         .1  
    4128     11259   .1405435  
    6467      3813   .1920862  
    6467     11259    .237947  
   30848      4207   .0994624  
    1635      6066   .1111276  
   10010      6066         .1  
   28236      5362    .112325  
    1635      5047   .1333531  
    7268      5047   .1280032  
   27197      5047   .0813374  
   10286     13939   .1195952  
   13923      4839    .145105  
   13923      5073   .1449185  
    9308      2574   .1560465  
    9308     10867   .1128514  
   10286      2146   .2341179  
   29958     11259        .12  
   14834      8007         .1  
    7685     15349         .1  
   12358     15349   .1715674  
    6416      3282   .2908236  
    9313      9545   .1009803  
    4283     30034   .1100138  
   12653      6786   .0043798  
    2577      5073   .1451205  
   12653      6807   .1998251  
    2577      6066   .0962666  
    9313      6066   .2134028  
   23084      1945   .0338114  
    5831      3282   .5202321  
    5831     10107   .0877239  
    8365      1055   .1200051  
   24306     29345   .4791797  
   28195      8867   .1536391  
    5831     31021   .0699987  
   28139     11636   .1079943  
   23084     11064   .0797432  
    1137      7585   .1115451  
    1351      7585   .1300026  
    8365      7585   .2905048  
    9650      7585   .1019561  
    9650      4839   .1298293  
    1264      5046    .219995  
   23084     10391   .0617425  
    1137      6066   .0767515  
    5831      6066   .0700023  
    9216      6066   .1911264  
   12945      6066   .3706251  
   13780      6066   .5306122  
   17110      6066   .1634891  
   30170      6066   .0206022  
    5831     15349   .0800093  
    8365      5047         .1  
   12945      5047   .2027014  
    5818      5860   .3400056  
    7343      3282         .1  
   16401      7123   .1043047  
   16401      9545   .0728159  
   14146     11636    .119993  
   21763      7585   .4259164  
   23767      7585   .1460013  
   25674      7585   .0660652  
   31147      7585         .1  
   31255      7585         .1  
   30334      3022   .1890129  
    1707      6774    .749991  
   14938      7077         .1  
    5818      4159   .4098779  
   29386     10391   .0096092  
   14938     12570         .1  
    4476    100598   .0019818  
   13412      1025   .2081629  
    9999     14895   .1933597  
   14324      1773   .1000004  
   16597      1773   .0880583  
    5404      6066   .4800642  
    5973      6066   .0898902  
    6008      6066         .1  
   12583      6066         .1  
   13200      6066         .1  
   13941      6066   .1099996  
   23717      6066   .5223237  
   26134      7652   .0957816  
   27794      5047   .1201354  
   10619      8972   .2330526  
   24165      6066   .3994568  
   30696      3282   .1199992  
   30696      9545   .1300008  
   12179      7506   .1400671  
    7291      3022   .1200178  
    7291      4839         .1  
    7291      5073    .287827  
   12179      5046   .1199144  
    5932      8972   .1229631  
   30696      6066   .3599975  
    5932      5047   .1121933  
   29435      6266         .1  
   10359      4510         .1  
    4962      5860         .1  
    5070      5860   .0988063  
    5448      3955   .0370123  
   23543      3955   .0900042  
   10361      3282   .4242212  
    1703      7123   .2386017  
    1703      8867   .1377015  
    5791      9545   .2318696  
    5791     24608   .2100013  
    6956     11636   .7967662  
   10361      7585   .0931909  
    4962      3022         .1  
    9922      4839    .098447  
    9922      5073   .0953378  
    6848      4768   .1476467  
    4467      7155   .0501691  
   10359      7077   .0930076  
    5070      6807   .1293928  
    9420      8972   .1199579  
   30086      8972   .1309558  
   29435      1485         .1  
    1703      6066   .2803325  
    5448      6066   .2143838  
    5791      6066   .1009462  
   10361      6066   .1532567  
   29163      6066   .4526197  
   10361     11278     .12004  
    3962      3480   .0099949  
    5992      5047   .1371625  
    6408      5047   .0914794  
   13448      5047    .485707  
    4248      6774   .1341641  
   13176      2111   .1966077  
   27873     12171   .1094435  
   27873     14895   .1231251  
   13906      6307         .1  
    4415     21454   .1855272  
   11310      6066   .0479884  
   23890      6066         .1  
   13369      3955   .1300007  
   13369      7123   .1700001  
   13369      9545   .1943946  
    4838      4839          1  
   11796      5680   .2357375  
   25497      8101   .0200131  
    8046     15426    .315089  
   24384      5589   .1192371  
   24384     15426   .0659837  
    4036      2817   .1049919  
    4168      2817         .1  
    7486      2817         .1  
   15313      2817   .2871994  
   30626      2817   .0470353  
   11915      4199   .1299974  
   30164      4199   .3199981  
    1372      5073   .2911123  
    1786      4839   .1712432  
    1786      5073   .0899505  
    1865      4839   .2174142  
    2343      3022         .1  
    2343      4839         .1  
    2343      5073         .1  
    3734      3022   .0927987  
    3734      4839   .1619974  
    4105      5073   .0999989  
    4168      4839   .2121781  
    4168      5073   .1080988  
    4479      3022   .0952448  
    4479      4839   .7151346  
    4479      5073   .0508819  
    4600      3022   .0244515  
    4600      4839   .0544515  
    4600      5073   .0938162  
    5116      3022         .1  
    5116      4839         .1  
    5116      5073    .627931  
    6482      3022   .7505756  
    6946      3022          1  
    6946      4839          1  
    6946      5073          1  
    7086      3022   .1053815  
    7086      4839   .1718823  
    7086      5073   .1357636  
    7099      3022   .1439971  
    7099      4839   .1601804  
    7099      5073   .0502156  
    7486      5691   .3079851  
    7873      3022         .1  
    7873      4839   .3658013  
    7873      5073         .1  
    9742      3022   .1544682  
    9742      4839   .1779485  
    9742      5073   .3923729  
   10004      3022   .0355235  
   10004      4839   .1001117  
   10004      5073   .5060455  
   10195      4839   .4818624  
   10195      5073   .4048084  
   10301      4839   .1153574  
   10301      5073   .0523957  
   11261      3022   .2066226  
   11261      4839   .3241246  
   11915      3022   .0300021  
   11915      4839   .3285347  
   11915      5073    .208977  
   13692      3022   .1832048  
   13692      4839   .2164884  
   13692      5073    .441949  
   13692      5691   .0878396  
   14148      4839   .7701965  
   14383      4839         .1  
   14383      6081         .1  
   14806      4839   .9580182  
   14806      5073   .0300007  
   19911      6081   .1356349  
   24636      5073   .6480008  
   25497      5073    .047997  
   25661      3022    .382754  
   25724      3022   .1433733  
   25724      4839   .5028659  
   25724      5073   .1668627  
   25916      4839   .4903643  
   26003      4839   .1400001  
   26019      3022   .1768431  
   26019      4839   .2289401  
   26019      5073   .3104314  
   28636      3022         .1  
   28636      4839         .1  
   28636      5073    .179999  
   28742      3022   .0323974  
   28742      4839   .3956053  
   28742      5073   .2419671  
   29611      8253   .0700053  
   29625      4839   .1860064  
   30164      5073   .2199997  
   30626      6081   .1059188  
   30626      8253   .0434756  
   30863      3022          1  
   30863      4839          1  
   30863      5073          1  
   30869      3022   .0999942  
   30869      5073   .3200018  
    8046     10301         .1  
   24384     10301   .3625613  
   24384      7155   .0464818  
   25497      7077   .0399964  
   24384      8972    .065842  
   28602      3426        .11  
   28602     10645   .3433535  
    2918      5125   .1114565  
    4204      5125   .1051794  
   17225      6307         .1  
   25661      6307   .0560125  
   17225     11259         .1  
   23753     23809    .026997  
   30220      6066    .079998  
   25497      5047   .0959875  
   21793      3022         .1  
   21793      4839         .1  
   21793      5073   .1425281  
   24720     12266         .1  
   24720      6307         .1  
   28149      3216   .3100068  
   14638      4598   .0693776  
   10983      4839   .0436036  
    2598      7155    .130005  
   10983      2285   .0564811  
   10983      7155   .0389434  
    6500     10983   .6109268  
    2598      5047   .1199951  
    5567      5047   .1700173  
    2905      7155    .512482  
    3662      2285   .1170008  
    4091      2285    .135565  
    4091      7155    .114515  
    9218      2285   .1341514  
    9218      7155    .144149  
   10163      2285   .1016022  
   12154      2285   .9194915  
   12154      7155   .5338983  
   12740      2285    .205279  
   12740      7155         .1  
   20992      2285   .2213235  
   20992     10519   .1346746  
   22839      2285         .1  
   22839      7155         .1  
   25726      9218    .697909  
    4091      7077   .1214577  
    8717      5047    .281073  
    9218      5047   .1295743  
   20992      5047   .1934442  
   11117      5073   .1002576  
   14364      6307         .1  
   14364     11259    .427503  
   29440     11259   .4286588  
   14364      2185         .1  
   14364     10639   .1269836  
    5018      3022         .1  
    5018      4839         .1  
    5018      5073   .1132819  
   29934      6774   .1913238  
   22978      5047   .1827443  
    3040      4128   .1425046  
    6534      5046   .0390555  
    7985      2285   .0994653  
   12360      2285   .2278494  
   12360      7155   .0989056  
   12522      5046   .0800239  
   15277      2285   .2020282  
   15277      7155   .1177657  
   28477      7155   .0840516  
    6534      7077   .2635385  
   12360      6807   .0696373  
    4776      4598   .6466695  
   12944     11259   .1400001  
    3040      1940   .0466117  
    2694      5047          1  
    6534      5047   .2561799  
   15133      2086         .1  
    9097      9545   .5704335  
    9490     13204   .2243059  
   15133     13204         .1  
    4978      2086   .1962617  
   25068      2991   .1048013  
   25068      4503   .0351804  
   24925      7585         .1  
    9191      6008    .162059  
    8388      1608   .1904254  
    9191      5073   .0300505  
    2544      6066   .1000967  
    2891      7585   .1160364  
    3158      7585   .1699434  
   10453      7585   .1249247  
   27919      7585   .0488796  
   27933      7585   .2401959  
    6532      6008   .2461624  
   27919      6008   .0466993  
   28279      6008   .1086464  
   28983      6008   .2399946  
   29411      6008   .1331903  
    4900     10301         .1  
   13865      2285   .2831759  
    4900      8972   .5121794  
   28337      8972   .1689645  
   14376     10453          1  
   29950      2146   .3399958  
   29950      8044    .300021  
   29950     10980   .2899923  
   25899      6196   .1499981  
    2891      6066   .1171129  
   10230      6066   .1114469  
   27919      6066   .0828592  
   28279      6066   .1910135  
   29411      6066    .191558  
   26006      8530   .3198091  
    3735      6307   .1683846  
    4972     11636   .3455569  
   11694      2721   .2470233  
    6304      7585   .1100002  
    7192      3022   .2362453  
    7192      5073   .1293434  
   25676      4839   .4441303  
   25676      5073    .131428  
   11803      4839   .2044662  
   11803      5073   .1490491  
   13630     10983    .550062  
   11803      7077   .0819672  
    1652     10153         .1  
   14627      9161   .0500428  
   24662      5208         .1  
    6844      7536   .3861889  
   24449      8530   .1399402  
   20210     10519   .4377714  
    9051      2044   .3109183  
   24449      2044   .2619375  
   24304      7250    .777715  
   24449      7228   .4929578  
   24021     24536   .0981017  
    9916     27957   .1016552  
   24505      2086   .7042065  
   25784      2086   .1865186  
   29685      5073   .2944899  
   29685      2285   .3357981  
   14385     23088   .1152612  
    7205      8213    .119877  
   13943      4875   .0114696  
   14886     10247   .0999968  
   25932     11259   .1305244  
   28138     11259   .1729906  
   28138     10639   .1642279  
    5850      5073   .2788294  
    1554      6774   .4186295  
   19258      3011   .1303502  
   24842      5860          1  
   24842      5860    .337184  
   15113     10537   .2541772  
    1633     10622   .0900008  
   16437     19113   .0128777  
   10734      2044   .2612772  
   23487      2044   .1760097  
   25358      2044    .235866  
   11373      7228   .4717729  
   24853      7228    .220287  
   14581      2555   .3175216  
    1633      5047   .1000014  
    6039      5047   .1903478  
   25575      5047   .1312587  
   12481     10983          1  
   25771      6307         .1  
    8657     11259   .1106156  
   14808      1594         .1  
   14808     13961         .1  
   11173     10639   .2089677  
   10456      7648   .1247617  
   30458      6066   .0561283  
   25771      2504   .0707181  
   12481      5047   .4702489  
   10820      1598   .3389683  
   26014     11259   .2361144  
   12655     11259   .1100029  
   28907     11259         .1  
   28907      2185   .0571545  
   10634     11669   .2300417  
    7116     11259   .1025348  
    7116     10639   .1764729  
   16470      6928         .1  
    4335     11259   .0715771  
    5518     11259   .0945135  
    8096     11259   .1263652  
   11971     11259   .1200004  
   16470     11259   .4498715  
   16545      1594   .0497756  
   25134     11259   .3659467  
   25779      3813   .1674929  
   25779     11259   .1591993  
    4335     10639   .0869082  
    4975     10639   .1866327  
    5518     10639   .1810931  
    8096     10639   .1449246  
   11971     10639   .2823564  
   16470     10639   .2699229  
   16545     10639   .0861668  
   24282     10639   .2360761  
   25134     10639         .1  
   25779     10639   .2403093  
   28388     24978   .3908676  
   29367     24978   .3897202  
    4448      6307   .2027992  
   14111      3813   .1809446  
   29229     11259   .0799991  
   30420     11259   .1100012  
   30892     11259   .5296912  
   28452     10391   .0927797  
   12168      5073   .1886509  
    5231     11259   .1503925  
    7875     11259   .1252226  
   13447      7148   .6369175  
   13447     11259         .1  
   13447     13961         .1  
   24069      5134         .1  
    4328      5179         .1  
   24069      7180         .1  
    3426      3022         .1  
    3426      4839         .1  
    3426      5073         .1  
    4790      5073   .0800007  
   16541      5073         .1  
   12692      2574   .2849879  
   16541     10867         .1  
   25921      2574   .8999144  
   21063      4839   .2244141  
   10791      7017   .2948898  
   10791      7620    .083524  
   13201      6104   .2049969  
    6635      2086   .0084275  
   10791     15257   .2800894  
   30177     10816   .1329956  
    6635      5073   .3340588  
   28933      3022          1  
   28933      4839          1  
   29612      3022   .2074663  
   28632      4768   .2399989  
   30861      4769   .1070088  
    6635      6307    .157034  
   12169      6307    .142175  
   30877      3964         .1  
   30925      6307   .1300037  
   12598     11259   .1300021  
   13201     11259   .2955572  
   13572      2991   .1793522  
    7370      5385    .050762  
   26021      2991          1  
   29290      2991   .4213187  
    3216      3851         .1  
    1210      4598   .9387726  
    8515      9653    .150949  
   15112     14124   .1690018  
   24810     15257   .1155094  
   15712     28338         .1  
   10645      2574    .122621  
   10645     10867   .1622273  
   25955     13135    .030473  
   28782      6307   .0256726  
   25336      7648   .1395453  
   24395      1598   .1010268  
    2142     10984         .1  
    2784     10984   .0282884  
    2866     10984         .1  
    5090     10984   .0265488  
    5091     10984   .0257061  
    5093     10984   .0269873  
    5097     10984   .0272361  
    5100     10984   .0211745  
    5101     10984   .0304225  
    5527     10984   .0208826  
   10908     10984   .0212555  
   10985     10984   .0403046  
   10986     10984   .0239016  
   10987     10984   .0247578  
   10988     10984   .0210606  
   11709     10984   .0205577  
   13375     10984   .1026933  
   14484     10984   .0276788  
    2142      6864         .1  
    2866      6864         .1  
    2867      6864         .1  
    5097     10980   .1135822  
    6995     10980         .1  
    7357      1485   .1007825  
    7357      6864   .0504175  
   10427      2146   .0499551  
   13375      6864   .1500069  
   14502      2146   .0496006  
   14502      6864   .0055894  
   24395      1485   .2209961  
   25203      6864        .25  
   10427     14131   .2512681  
   10427     13779    .279165  
   11523      4839   .2855071  
   30102     10686   .2069477  
   30102     24058   .2153269  
   25364      6864    .373444  
   24149     11031   .2667035  
   22763      5439   .0582131  
   29480      7257    .109839  
   29480      8530   .1198569  
   12206      5073   .3197438  
   16280      3022         .1  
    9930      6781         .1  
   16280      5074   .1040324  
   12478      6864         .1  
   25056      6066          1  
   12791     11636   .1997511  
   23227     10379   .6999791  
    3273     10984         .1  
    3273      6864         .1  
    9242      8287    .350238  
   12628    143972   .0495674  
   31524     11259         .1  
    5870      4510   .0659137  
    4103     10970          1  
    9906     15257   .0414234  
    3814      5073         .1  
    6964      2011         .1  
    3257      2329   .0000103  
    5330      6066   .1346893  
    9810      9653   .0256122  
   13432      6403   .0546423  
   28003      9653         .1  
    4348      5134   .1150609  
   28003      1048         .1  
   10671     10862          1  
    7994      2803   .1228136  
    9810      1224   .1101972  
   10495     12806   .1283024  
    3130      8248   .0158935  
   12648      1781   .1137969  
    2986     10482    .111793  
    3206      1755         .1  
    3533      3532   .1066103  
    3206      4961         .1  
    3198      1048   .0129324  
    3198      8248   .5003011  
    6310      8248   .0412523  
    7733      6104         .1  
   17164      3911         .1  
    6135     15257          1  
    7733      2189         .1  
    4381      5420         .1  
   11236      6307         .1  
    8264      2991         .1  
    8810      4503   .0104947  
    1995      2189    .009541  
    3033      2817   .0359764  
    9194     11636         .1  
    9857     11465         .1  
   12612      3532         .1  
    6825      4839         .1  
    9194      5073         .1  
   12612      5073         .1  
    2856      6066   .0764545  
    6825      5047         .1  
    9857      5047         .1  
    7974     10970         .1  
    7974      2189         .1  
    7974      6537         .1  
   24193      9653   .1200013  
   24690      8517   .1099809  
   24193      4503   .1099725  
   22140      5743   .0652931  
    1086     10970   .2899789  
    4954     10482   .1103713  
   20157      2991   .0999926  
   21980      6537   .1150959  
    5045      2285   .3024691  
    5045      7077   .1137102  
   12090      7077   .0119439  
    1086      6557   .2244932  
    4414      6557   .0999986  
    9224     15089          1  
    1324      7171   .0078031  
   27811     27758   .4659043  
   15171      5135   .1828073  
   31454      8264   .3700028  
   28491      8248   .1494013  
    4051      5047   .1440252  
   24464     15456   .0195385  
   24639      8123         .1  
   24230      6730         .1  
   24639      2991         .1  
   15435     10980   .4877866  
   24230      1485         .1  
   13010     14895         .1  
   13500     24230   .0801179  
   14379     24779   .1206966  
   27764     24779   .2828324  
   29963     13822   .0500207  
    7683      1920   .1660168  
    7683      3813   .1337864  
    5968      5073   .0642391  
   13801      5047         .1  
   30228      9216          1  
   30228     29353          1  
   12238      3282   .0877123  
   12680      9216         .1  
   11318      5680         .1  
   11318     11259         .1  
    9292      4839     .11698  
   10560      4768   .1249582  
    9132      4199          1  
    9132      6307          1  
   11507      5073   .1546411  
    6343      7077   .1651652  
   13670      4093   .1380564  
   13670      3051         .1  
    6343      5047   .3608561  
   25878      8852         .1  
   25878      7585         .1  
   25878      6864   .1799937  
   28797     11259   .3360371  
   13775     13506   .0953546  
    7967     10970   .1325985  
    7967      1755   .0832497  
   21623      6928   .1000974  
   21623      3813   .3014756  
   21623     11259   .1518214  
   16438      3813   .0136909  
   24790      4062   .1097955  
    2616      8530   .1981074  
   30356     11259   .1099958  
   28182     10482   .0800238  
    9001      4839          1  
    9001      5073          1  
    6764     11259   .2470427  
   16481     11259   .2199757  
   29626     11259   .0285069  
   16481     12631   .0106015  
   25536     11259   .1331345  
   10188      5151   .2875346  
   14405      4577   .2982634  
   10182      1240   .2844591  
    2911     13188         .1  
   10112      7155     .21752  
   20909      7017   .1095022  
    1721      7017   .2331493  
    5305     10482   .1128405  
    6629     10581    .175864  
   13503     11259   .2196852  
    9748      3813   .2000072  
   24887      6730   .8852719  
    9063      6531   .0686955  
   13292     23942   .0548261  
   24368     11259         .1  
   15858      9155   .2352941  
   10332     13067   .0363977  
   28522     10980   .2488257  
    6252     14266   .2837574  
    9441     28930         .1  
    7186      2086   .0026104  
   25016     24607   .4631861  
    5334     23942         .1  
    5334      9155   .2469723  
   28178     11259         .1  
   13523      1240         .1  
   25031     14152   .1606101  
   28178      6502         .1  
   13523     14832         .1  
   23947      9653          1  
   23947     10482         .1  
   23773     10379   .0818722  
   14386     11584         .1  
    1831      4839   .0026658  
   27867      6307   .0119224  
    5822      6066   .0514535  
    3345     14191   .7022441  
   25423      6266    .150629  
   12192      2051   .6024091  
   13344     25168   .0997143  
    6213     14152         .1  
   29777      2024   .5170002  
   29777      2051   .1348579  
   25879      6707   .0547653  
   25879      1414   .1619563  
   29076     10519   .0125739  
   24388      7585         .1  
    8724      3022   .1440257  
    8724      5073   .1729827  
   23826      4839   .1905448  
   23826      6081   .0962955  
   24618      5073   .0232501  
   24703      7155   .1845488  
    8724      4961   .1429881  
   17059      3024   .0519127  
   17059      3459   .1015448  
   27758     12604         .1  
   24287      1602   .0105401  
   24920     13561   .1379855  
   25155     13561         .1  
   12405      7155   .1711917  
   13422     19398   .8482295  
    8498      6266         .1  
    8498      9818   .0871733  
    7092      2504   .1620355  
   11074      5071         .1  
   11074      8852         .1  
   14924      2721   .1774162  
   23724      4839    .169999  
   14584      6307   .8185283  
   23727      3964         .1  
   23727      1594   .0842842  
    3839      4312   .1400074  
    8754      6066    .039783  
   11514     10482   .0598381  
   11053      7017         .1  
    7878     11456   .0436217  
    6259      2817   .4336494  
   10278      2991         .1  
   10278     10482         .1  
   10564      2991   .6881254  
   15822      9653   .1999435  
   15822      4503    .181491  
   15822     15257    .177663  
   24717      3639   .2089552  
    6661     11971   .1564772  
   15860      6307         .1  
   20204     11259   .1282665  
    6313      5458        .12  
   23276      6876   .1226934  
   28351     11060   .1730342  
    5851     11259   .0252688  
   11220     25767    .179997  
   27780     11259   .0383321  
   28693     11259   .1293961  
   29929     11259   .1967803  
   30067      9255   .1342853  
   28351     10969   .0561043  
   12140     13121         .1  
   12140     19398   .1347406  
   27875     17108   .0284686  
   29467      5074   .1050136  
   13535     26004    .101534  
   13124      2193     .47266  
   13125      2193   .0639304  
   13535      2193   .4069784  
   15268      3022         .1  
   15268      4839         .1  
   15268      5073         .1  
   15268      2285         .1  
   15268      7155         .1  
   14053     19398   .3992491  
   14856      2663         .1  
   14856      5071         .1  
   14856      6375   .1744587  
   25021      6375         .1  
   29668      6074         .1  
   20178      9359         .1  
   23242      6502   .3963712  
    6136     10845         .1  
    6136      5073   .3144723  
   24536     10639   .2806073  
    7841     11259         .1  
    5397     11038   .0962167  
    5397     10482   .0499869  
    4273     10301   .1252309  
    8248     14266    .127306  
   13514      1382   .6935275  
    8892      4061   .2529683  
    8892      9004         .1  
    8497     11636   .1391355  
    2538      5073   .1257014  
    8961     10301         .1  
    8961      2285   .1643921  
    8961      7155         .1  
    9277      2285          1  
    9277      7155          1  
    8892     10983   .2803752  
    8892      6307         .1  
   30630     27914    .116576  
   13057      6066   .0999929  
   30130      5074    .119994  
   30530      6066    .249743  
   12218      8530   .1036722  
    6886      4503   .1468163  
    6886     10482   .1138386  
   11708      7341   .1400192  
    1090      4839   .0103195  
    5074      5073   .4235533  
   14145      3022   .0637402  
   14145      4839   .7391914  
   28764      4839   .3324961  
   29900      4839   .1519872  
    1090      7155   .1684049  
    3336      5046   .1440281  
   25683      5361   .8213333  
   25138      4961   .0594294  
   25138     10980   .0950763  
   13831      5079   .1043367  
   11708     12171   .1332955  
   23792      7194   .0599151  
    1781     11259   .1264053  
   29433      2184   .1405688  
    9161      2051    .170002  
   12734     10903   .0600043  
    1500      6066   .0742429  
    3342      6066   .1611707  
   11708     11910   .0999958  
   14145     11910   .0839855  
   16531      6066    .210006  
   29900      6066   .0810083  
   30015      6066          1  
   25112     12141   .1198847  
   25631     11278   .1240583  
   12734      2193   .1289619  
   25631     13822   .1800031  
    6010      5073   .1419176  
    6046      5073    .067991  
   15495      4839   .5255704  
   10362      3813    .110694  
    1634      6066   .3299725  
    6362      6066   .1644305  
   13321      2504   .1165888  
    6362      5047   .2699991  
   24436     28834   .0108597  
   30265    100080         .1  
   24909      2991   .1705202  
   25091      2991         .1  
   25091      3835         .1  
    4477      3955   .2300251  
   24951      3760     .03307  
   24951      3955   .0425164  
   28383      3955   .0955494  
   12608      3282         .1  
   14626      3282    .217165  
    1111     26247   .0120556  
    9450      9818    .126177  
   14876      9818         .1  
   29732      7585   .3575299  
   20982      4839         .1  
   26011      4839   .0202909  
   17080      2285          1  
   20982      2285   .0612807  
    8480      6807   .9854954  
   12502      4159     .18014  
   12337     10391         .1  
   28625      6288   .2795378  
    7606      3426   .2130093  
   13346      3426   .2677448  
    6638      1485    .301733  
    6638      4961   .0290038  
   23701      8044   .1118485  
   22528      2860   .0733971  
    6815     14895   .1099995  
    9789     14895   .1197048  
   15855     14895   .0828725  
   17080     14895          1  
   17560     14895   .1168213  
   22404     14895    .291031  
   22404     27764         .1  
   22528     14895   .0423685  
   22765     14895   .1971574  
   22765     27764   .1001015  
   24167     14895   .1867497  
   24489     12171         .1  
   24489     14895   .1709591  
   24723     27764   .1200004  
   25223     14895   .1535501  
   27788     14895         .1  
   27928     14895   .1454926  
   30096     14895   .1284278  
   30265     18366         .1  
   14524      3813         .1  
   14524     11259         .1  
   22173     11259   .1400056  
   24436     11259   .0271088  
   25194      3813   .0809717  
   28199     11259   .0524017  
   28744     11259   .0439662  
   14884     14528   .0718073  
   28199     14528         .1  
   29640     14528   .1099537  
   29640     25195   .1199846  
    1111     10639   .1443676  
   14524     10639   .1267656  
   14876     10639    .076236  
   22173     10639   .2623948  
   24436     10639   .2456736  
   28199     10639    .185339  
   25091      7647         .1  
    3674     11778   .3075918  
   13480      2547         .1  
    1111      6066    .019997  
    5660      6066   .4408689  
   12542      6066   .5177285  
   12608     11910         .1  
   12882      6066   .8209607  
   17235      6066   .0816521  
   22998      6066    .188071  
   24475      6066   .4426107  
   24733      6066   .1966386  
   25859      6066   .1252411  
   28010      6066   .9134437  
   28383      6066   .1007402  
   28384      6066   .1259885  
   28418      6066         .1  
   29356      6066   .2213793  
   29732      6066   .1500285  
   30287     17542   .0306305  
   23034     23034   .0377544  
   23123     18087    .260781  
   14626      7652         .1  
   18699     18467         .1  
   28817     12488   .0781184  
   31143      7932   .1149955  
   30066     24607         .1  
   25520     20005   .1473359  
   10026      5047   .8018331  
   24865      7180   .0642857  
   14534      7536   .4536432  
   13370      2817    .160051  
    6035      3955         .1  
    1896      7585   .1752071  
    1896      5073   .0978735  
   24865     10301   .2013201  
   11484      2285         .1  
   11484      7155         .1  
   14534      7409   .0396131  
   11484      2111         .1  
   14056      4961          1  
   14056      4961   .1847149  
   16405      2146         .1  
   16405      4961   .5000424  
    1360      8873   .2317881  
   25984     14895   .1199155  
    1073      1594   .1199608  
    1073     11259   .4199843  
   30639     11259        .48  
    1073      6502        .25  
    1073      9359   .0799596  
    1073     11535   .3087076  
   10458     27914   .1759571  
   13824      4423   .0699994  
    2578      6066   .0367963  
   25375      6066   .1052002  
    4008     15494         .1  
   20991      5399   .2184779  
   13824     25157         .1  
    3584     24389   .1124064  
   13370      5047   .1899689  
   12636      2086   .2639952  
   25157      6864   .1069998  
   11494      6307    .378137  
   11494      2185   .1300082  
   29621     22976   .1009185  
    2322      4839   .1985605  
    2322      5073   .1527389  
    9350      9653   .0316989  
   24873      6266   .2720419  
   11774      3765   .0604767  
   10417      7114   .1202741  
   14232     10980    .144547  
    9350      6307   .0353162  
   22228      6307   .4614554  
   10631      9911   .1100026  
   15714     28338         .1  
    9299      5073   .1064086  
    8912     15089   .0057292  
    9299     14266         .1  
    9299      4598         .1  
    9570      8479   .4290566  
   17117     10482         .1  
   30178      5680   .6800193  
    8868      6928    .801114  
   12960      9245   .1110629  
   14016     11259   .4910322  
    6452      5399         .1  
   14374     10770   .4765968  
   22536     12316   .1400088  
   11912     10770   .6356066  
    8760     12815   .0389649  
    8760     12316    .205419  
    6694      6066          1  
   12115      8479         .1  
   25942      5848   .6804734  
   29642      1240         .1  
   20988     13646   .1845388  
   29093      2193   .4407957  
   24692     13779   .1145233  
   24692     29710   .1087353  
   30841     29710   .1100229  
   13631      2991    .046064  
   13631     20981    .771759  
   22261    119053   .1148183  
    1884      3282   .3151803  
    1884      7585   .0769522  
    1884      6066    .162861  
    1884     11278   .0997217  
   12890     10482   .2071334  
   28227     11636         .1  
   16407      2029         .1  
   16407      5047         .1  
   12078      1602         .1  
   12078     10301         .1  
   13228      7585   .1050059  
   11829      4839   .2100071  
   11829      5073   .6163054  
   13228      4961   .1400344  
    1082      5680   .2857103  
   13228      6066   .1695449  
   29075      5047         .1  
   12550      5250   .1290136  
    8414     15257   .5102421  
   12424      2991   .1734713  
   12424     10482   .0975776  
   12698      4503   .1364579  
   15358      4503   .2709981  
   12480      8030    .066792  
   12480      2817    .069034  
    4456      7585          1  
    8832     10301   .3372318  
    4456      2285          1  
    4456      5046          1  
    8087      2285         .1  
    5124      7077   .1486051  
   29353      8972         .1  
   24808      6557   .1959301  
   15358      8044   .7666333  
    5124      6066   .1841842  
    8087      6066         .1  
   23609     23609   .2298137  
    1154      5047   .1132345  
    8087      5047         .1  
   13096      5047   .0500044  
   25147      6730   .0035629  
   25147      2267   .0026589  
   27927      8517    .992004  
   14263      5073         .1  
   15475      2285   .5846204  
   19096     11038   .1222244  
   24404      9653    .070183  
   19096      3051   .1479933  
    2519      7155         .1  
   28770      4058         .1  
   23027      5073   .0942814  
    6809      3813    .217216  
    6809     11259   .3045732  
    1367      1678   .3345196  
    9552     14878   .3399973  
    9552      5439    .240804  
   24474      8479   .1410351  
   15409      5589         .1  
   15799     10482   .2483618  
   24474     11465     .08865  
   25118      7585   .1532832  
   11706      8046   .2088717  
    5614      2285   .1883574  
    5614      7155   .0831181  
   15409      5046   .6165315  
   15409      6774    .736911  
   30233      5492   .4671408  
   11706      8287   .1549063  
   29338      4961         .1  
   13481     14895         .1  
   21469      6307   .1233204  
    5458     11259   .1964642  
   20220      9359          1  
    3365      6066   .1395669  
    7753      6066   .1517762  
   11706      6066   .1141125  
   29803     12141   .4799738  
   13102      5047   .1794675  
    1300      4839          1  
