    5560      1789   .2811154  
    1856      5743   .2577846  
    3104      1789          1  
    2040      9653   .0880684  
    1223      5073          1  
    1732      9653         .1  
    2419      7620          1  
    6365      9653          1  
   10887      5381          1  
    2437      4503          1  
    4488      5148          1  
    6819     10482   .1284222  
    7792     10621         .1  
    7912     10482         .1  
   10938      1365          1  
    8387     11506   .0696613  
    8955      1678          1  
    1661      5790   .1357062  
    5187      4503   .4389282  
    3600      1365          1  
    8429     10503          1  
    3633     10482   .1400003  
    8095      1755          1  
    7359      8446          1  
    1232      5790          1  
    5218      3980   .0017673  
    6331      9653   .0337732  
    6331      4503   .0385556  
    6331      5382   .0502101  
    5196      6502   .0983792  
    8997      6502          1  
    6425      7154   .0919939  
    9303      6307   .1704397  
    5213      7154          1  
    3847     11263   .0799966  
    1032      5055          1  
    3245      6375          1  
    6573      5073         .1  
    6573      6307         .1  
    1643      5055   .0240704  
    5146      2663          1  
    5146      5071          1  
    9140      2272   .1885209  
    2196      6307   .2547737  
    3622      6307   .2131968  
    4635      6307   .1470579  
    3176      3022          1  
    3176      4839          1  
    3176      5073          1  
    1120      6307   .1155136  
    1235      8446   .1260954  
   10021      6307   .2253065  
   10021      8446   .1656794  
    8857      6307          1  
    2068      3022   .0790804  
    2068      5073   .1278198  
    7087      4839   .1901369  
    7087      5073   .1562481  
    3211      6307          1  
    5005      3022   .5017589  
    5005      5073   .4869797  
    3125      6307   .1000003  
    3125      8446   .0950595  
    4993      6307   .2100077  
    4993      8446   .3400106  
    6468      6307   .5268797  
    6468      8446   .0749086  
    6880      8446   .1857674  
    7400      6307          1  
    7400      8446          1  
    8219      6307    .157287  
    8219      8446   .3495267  
    8551      8446     .11867  
    9955      6307   .1314526  
   10025      6307          1  
   10593      8446         .1  
    2091      8446          1  
    7916      6307   .2499884  
    8255      6307          1  
    8255      8446          1  
    8576      6307   .1202705  
    8576      8446   .1102431  
    9382      6307    .370001  
    9382      8446    .129999  
    2584      6307          1  
    2584      8446          1  
    5596      8446          1  
    6376      6307   .3762548  
    5516      8446          1  
    7644      8446          1  
    6184      5073   .3999987  
    7889      3980    .014872  
    3120      6307   .0969451  
    4447      6307   .2559265  
    6821      5134   .0486518  
    7000      4672   .1181312  
    3378     11259          1  
    8386      9761          1  
    7201      2917          1  
   10518      4768          1  
    2174      8446          1  
    2502      8446          1  
    4771      8446          1  
    6614      6307          1  
    6614      8446          1  
    8101      6307   .1800043  
    2080      8446   .1399987  
    4055      3022          1  
    4055      4839          1  
    4055      5073          1  
    5699      3022   .0781875  
    5699      4839   .1854523  
    5699      5073   .1545469  
    1496      4839          1  
    6226      7692         .1  
    6226      5073         .1  
    3421      5073          1  
   10338     11636          1  
    1589      6307          1  
    3522     10482    .181631  
    1403      5349          1  
    4455      5073   .1920639  
   10039      5073   .0129048  
    5608      2285   .1299982  
   10848      7171          1  
    1514     13204          1  
    3888      6307   .7203634  
    3121      7154          1  
    5354      5073   .0842053  
    8634      5134          1  
    8345      5073   .1099924  
    2643      3022          1  
    3502      5589   .1700003  
    3502      5073   .1100002  
   10873      5073   .1615581  
    1761      6307   .4499996  
    7502      6307   .1524783  
    3200      2285   .0161788  
    4819      2285          1  
    3200      6774   .0097739  
   10967     10873   .1283846  
    3523      4839          1  
    3523      5073          1  
   11376      2111          1  
   11376      2111   .1400031  
   11225      5109          1  
    8442      8331          1  
    5464      2189    .131698  
    4000      5073   .0611867  
   11468     10031          1  
    8769      5169          1  
   11468      5245          1  
    3765      7244          1  
   11468      7155          1  
   11468      8972          1  
   10535      6307          1  
    9629      4218   .1999687  
    5367     13961         .1  
   11516      6307         .1  
   11516      8446         .1  
   11025      6307   .3475825  
    1312      4839          1  
   11600      5073          1  
    4217     10581          1  
    6278      5073          1  
    6531      5073    .048881  
    6537      5073          1  
    7175      5073    .399998  
    9064      5073   .1072182  
    9188      5073   .0350285  
    6945      6307          1  
    2471      4839   .1399977  
    2471      5073   .2300012  
    8722     11328          1  
    2451      3022          1  
    2451      4839          1  
    2451      5073          1  
    5532      3022   .0525154  
    5532      4839   .1640203  
    5532      5073   .0545643  
   10132      6502          1  
   10930      8889          1  
    8907      5245          1  
    8907      5192          1  
    8051     11636          1  
    4178      6307   .3417515  
   11549      5073          1  
   11255     11465          1  
    6391      5073          1  
   11255      5073          1  
   11462      5073          1  
   11255      5256          1  
   11138      6307   .2854907  
    9121      9761   .0792279  
   10810      6307   .0053303  
    7703      8446          1  
   10114      5148   .1163605  
    4305      4768   .1400007  
    2098      9653          1  
    2098      4503          1  
    2457      3022   .6699961  
    2457      4839         .1  
    2457      5073         .1  
    4250      5073          1  
    4607      4839          1  
    4607      5073          1  
    7324      3022          1  
    7324      4839          1  
    7324      5073          1  
    9984      2817   .0474787  
   11661      7585          1  
    2952      5073   .3640898  
    4967      4839          1  
    4967      5073          1  
    5758      4839    .799947  
    5758      5073   .1199921  
    9162      4839          1  
    9162      5073          1  
    9984      4839   .0184309  
    9984      5073   .0916509  
   11682      2285   .0312423  
   11682      7155         .1  
    6589      6066          1  
   11661      5047          1  
    8636      8889          1  
    2521      9653   .0892919  
    9474      2062   .1772615  
    2049      5073   .1150001  
    6701      5073   .3275882  
    8358      5073   .0549999  
    1747      5361          1  
    8358      2285   .0219999  
    1747      6774          1  
    9474      6307   .0726596  
    1747      5047          1  
   11098      5047          1  
   10048      4839          1  
    7624      6307         .1  
    7624      8446         .1  
    9234      6307   .1846581  
    9335      2898   .0775274  
    9335      7155   .0956399  
    9173      6066          1  
    2802      5816          1  
    4437      4839          1  
    9556      4839          1  
    9556      5073          1  
   10219      2157          1  
    2241      5046          1  
    5181      4839   .0886543  
    5181      5073   .0734415  
    7580      5073          1  
   11081      5073          1  
    6503      4839          1  
    6503      6066          1  
    1103      3022   .4220925  
    1103      5073   .1077683  
    8927      7155          1  
    1704      6066          1  
    8927      6066          1  
   11349      5250          1  
   10777      2817        .15  
    3885      5046          1  
   11302      6066          1  
    8463      5654          1  
    9968      6307   .1842299  
    7822      8972          1  
    9813      1365          1  
    3910      6066          1  
    4585      5073          1  
    8423      5047          1  
    7490      6053         .1  
    3866      2285          1  
    3866      5047          1  
    4781      5047          1  
    1701      7648   .3885411  
    4012      3955   .0306364  
    6840      4839   .0946062  
    4012      7648   .0268728  
    6840      7648     .15296  
    3781      5047          1  
    1126      7648          1  
    8260     10538          1  
    3450      6307          1  
    7178      2817          1  
   10334     11465    .017998  
   10386     11465   .0807493  
    3710     11535          1  
   10334      5047   .0202539  
    6364      5229          1  
    1099      6307          1  
    1099      6066          1  
    4285      6238          1  
    4199      4839   .1421195  
    4464      5073          1  
   11287      3022          1  
   11580      5047          1  
    9771      5073   .4763598  
    8743      6307          1  
   11465      6307   .5244541  
    8196      6307          1  
    8196      8446          1  
    9410      6307          1  
    1098      4839   .1630347  
    1098      5073         .1  
   11200      8643          1  
    8844      9434          1  
    1013      6066          1  
    9212     10857          1  
    4575      4487          1  
    1281      3022    .028334  
    1281      4839   .0476569  
    1281      5073   .0611926  
    1281      8253   .0243445  
    7290      3022   .1247794  
    7290      4839   .2735296  
    4279     10301          1  
    6449      2114   .0901128  
    6449      8602   .1697173  
    4279      5047          1  
   11161      8889   .1641464  
    4319      8446          1  
    3098     10391   .1250314  
    2577      6066   .1100837  
    5831     11636          1  
    1137      6628          1  
    7579      3955   .1300081  
    9999      3955          1  
    6139      7244   .0740582  
    7330      6008          1  
    7330      7579          1  
    9598      8972          1  
    1512     10391   .1061324  
    1512      6066   .1149747  
    7291      3022          1  
    4639      5169          1  
    3300      9947          1  
    5448      9947          1  
    8727      9947          1  
    1703     10097   .1272955  
    3300      7244          1  
    3300     10097          1  
    3300     11636          1  
    4962      3022   .1182968  
    9922      5073   .1530619  
    4467      7155          1  
    4639      6774          1  
    8727      8972          1  
    5652      7228          1  
    5448      6066          1  
    4639      5047          1  
    6157      7435          1  
   11310     10097          1  
    7619      3022   .1257017  
    7619      4839   .2431277  
    7619      8253   .0918689  
    9462      5073   .3502889  
    3601      6066          1  
   11310      6066          1  
    4838      4839   .4226398  
    1786      4839   .2905686  
    1786      5073   .1811691  
    2157      4839   .1148439  
    2343      4839          1  
    2372      3022   .1610946  
    2372      4839   .2460829  
    2372      5073   .2947845  
    3685      4839          1  
    3685      5073          1  
    3734      4839   .2281349  
    3734      5073   .1687821  
    4168      4839   .1206082  
    4168      5073   .1071229  
    4920      3022         .1  
    4920      4839   .1901319  
    4920      5073   .0437967  
    6080      4839    .126282  
    6482      3022          1  
    7873      4839   .3219797  
    7873      5073    .206987  
    7929      5073   .1611273  
    9300      3022   .0399416  
    9300      4839   .2399931  
    9300      5073   .7198935  
    9656      3022   .1357636  
    9656      4839   .2312146  
    9656      5073   .1289338  
    9742      4839          1  
    9742      5073          1  
    9886      4839          1  
   10004      3022         .1  
   10004      4839         .1  
   10004      5073   .5300003  
   10301      4839   .0527143  
   10301      5073   .0532787  
   10732      4839          1  
   10732      5073          1  
   11219      5073    .637354  
    8046      7155    .142033  
    4475     10983   .1328844  
   10301     10983   .0382641  
    4204      5125   .1860016  
   11561      5125          1  
    6072      8972   .0134568  
   11222      2285          1  
    6926      4475   .2096978  
   10878      7155   .1799701  
    1005     10983   .5009163  
   10878     10983     .13002  
    5567     13204   .0770186  
    6926      5047   .4541813  
   10878      5047   .1499751  
    1159      2285   .2754233  
    1159      7155    .102972  
    2905      7155          1  
    3604      2285   .0571191  
    3604      7155         .1  
    7549      7155   .1729917  
    9218      2285   .2996693  
    9218      5361   .1619834  
    9218      7155   .1052892  
    2905      6774          1  
    9218      6774   .1052892  
    9697      6774   .1219517  
    3795      8972          1  
    1588      5047          1  
    3662      5047   .0347542  
    8717      5047          1  
   11252      5047   .0864343  
    5018      5073   .1134366  
   10989      3760          1  
    1173      2898          1  
    5535      2285   .1117407  
    6028      2114          1  
    7985      2285   .0353586  
    6807      6774   .0688543  
    9694      6066          1  
    9490     13204          1  
    9769      6066          1  
    4262      6449          1  
    4900     10301   .1761152  
    8548      5047          1  
    1778     13204          1  
    8189     13204          1  
    9929      7648    .069961  
    8054      9947          1  
   11118      8889   .1245679  
    8163      6066          1  
    7183      4839          1  
    9734      7155   .0570003  
    5957     10153          1  
   10407      5073   .1433372  
    5017     11669          1  
    1633      5047          1  
    1666      2444   .0207387  
    1845      9653          1  
    4448      6307          1  
    3649      3022          1  
    3649      4839          1  
    4468      6307   .4478169  
    6962      6104          1  
    1993      5073          1  
    2989      5073   .1060002  
   11576      5073   .3926019  
    7811      1257          1  
    3900      8123          1  
    6635      5073   .2407787  
    6635      6307   .2053858  
    7370      9850          1  
    5379     10482          1  
    5320      4598          1  
    6562      5903          1  
    5485      2817          1  
    8921      7585          1  
    3271      5047          1  
   11523     10301          1  
    5870      4510   .0651016  
    7884      8972         .1  
    6964      2011          1  
    9407     10857          1  
    9407      1609          1  
   10896      5743   .1934119  
   10671     10862          1  
    7990      2803   .1064182  
   10896      4404   .0898761  
    7734      2418   .1397916  
    7734      1755   .0327562  
    6135      5381          1  
    7478      9514          1  
    6135     10480          1  
   10446      4839          1  
    6172      8852   .0073579  
    8810      4503   .0105501  
    3033      2817   .0672605  
    3439      5073       .111  
    6825      4839         .1  
    8810      5073   .0046663  
    2856      6066   .0415731  
    6825      5047         .1  
    5045      6066          1  
    1049      6307          1  
    3160      1789          1  
    5968      5073   .1245225  
    8350      5073          1  
    8905      2991          1  
    8905     10621          1  
    7374      9653          1  
    2083     11324          1  
    2083      7154          1  
    2083      6066          1  
    1339      4594          1  
    1339      5260          1  
    5479      6307          1  
    5479      8446          1  
    6404      5285   .1027681  
   10182      1240   .1038392  
    1121     10443   .1277051  
    9748      6307          1  
    9748      8446          1  
    3860      3022          1  
    3860      4839          1  
    3860      5073          1  
   10814      6307          1  
    6790     10735   .0191488  
   10451      6307   .0919659  
    1097      8875          1  
    7121      5073          1  
    5857      9297   .5960991  
    5746     10482          1  
   10504     10482    .106577  
    6661      4965          1  
    6661      7235          1  
    6626      3808          1  
    8060      5067          1  
    2351      8446          1  
    9457      6307   .2899972  
    5340      5055          1  
    3750      8643          1  
    6016      6928          1  
   10423      6066          1  
    5178      4321   .0997981  
    4770      8446   .0084606  
    9277      5361          1  
    9277      7155          1  
    1781     11465   .0602516  
    5422     11638          1  
   10305      8479          1  
    1634      5073          1  
    3829      5361          1  
    5039      3869          1  
    3829      3066          1  
    7666     10301          1  
    4291      6066          1  
    6684     16476          1  
    2322      4839   .1053374  
    5612     10482          1  
    9013      7468          1  
    3303      1581          1  
    9376      5047          1  
   10660      9165          1  
   10660     11613          1  
    9299      5073   .1561334  
    7197      9560          1  
    9010     11636          1  
    5378      6307   .0369902  
    5378      8446         .1  
   10371      6861   .1599685  
    6654      4839   .0481966  
    6654      5073   .1178342  
    6654      4619   .0438389  
    6622      2189          1  
    6069      5036          1  
    6909      5073   .0879374  
   10069      4598          1  
    1154      5047          1  
    2362      5047          1  
    9552      3398          1  
    7287      5775          1  
    7753      7244          1  
    7753     10097          1  
    9048      6008          1  
    5614      2285   .0295424  
    5614      7155   .0632963  
    5614      6774    .033754  
    7753      6774          1  
    4630      2029    .079997  
    2176      6307          1  
