   13468      6830   .0178834  
   19965      8675   .0148119  
   13097      6104   .4800342  
   13156      5862   .1291609  
   63967     12141         .1  
   14465      4371         .1  
  200856      1789   .5799948  
    1231     15343   .9588224  
   14151      2086   .6306306  
   11440      5135   .1166121  
   15274      1225   .0302496  
   22150      5135   .3350323  
   30730      5135   .1319562  
    1797     14077    .470297  
    1544      7017   .1806459  
    5129      1678   .0393701  
    5757      7017   .1604118  
    6155     14878   .1798695  
    6896      7620         .1  
    8049      7017   .2009652  
    8324      9653   .2700081  
    8627      7017   .0372224  
    8627     11038   .0886637  
    9022      9653   .1842105  
    9406      9653   .2121832  
    9437      7017          1  
   12039      7620   .0100453  
   12044      7017    .105832  
   12510     22255   .2857143  
   20198      7620          1  
   22668     11038   .5245259  
   31101      7620          1  
   31101      9653          1  
   63985      9653   .2746776  
   25628      4584         .1  
   20553      9772    .040404  
    1678     15257         .1  
    2437    114303    .140007  
    2929    114303   .3197279  
    2930     15257         .1  
    4844      2991   .1256097  
    7276      7008   .3109248  
    8341     10482   .0999151  
    8521      2991   .1823958  
    8521     10482      .4425  
    8627      2991   .0999835  
    9022      2991   .4966533  
    9505     10482   .2006615  
    9505    114303   .1296928  
    9859      4503   .0789926  
   10148     15257   .0835062  
   10148    114303   .1094225  
   10296     15257   .1498127  
   11170     10482    .115101  
   11923     10482   .1223278  
   12042      2991   .0269505  
   12044    114303   .2537308  
   13551      2991   .7830692  
   14398      1537         .1  
   14878      2991   .0872732  
   15060      2991         .1  
   15291     10482   .0960313  
   20064    114303   .2054043  
   20553      1537    .030303  
   22255     15257   .1057273  
   23976    114303   .1199944  
   25351    114303   .1299988  
   25533     10482   .1215101  
   25628    114303         .1  
   25956     15257   .3696855  
   27786     10482   .0779739  
   30213      2991   .1978198  
   30213    114303   .1286763  
   61058    114303   .1963989  
   62756     15257   .1899982  
   25628     62241         .1  
   10148     10165   .0861244  
    8755      8325   .1922664  
   10148      8325   .0942249  
   15060      9810         .1  
   22255      8325   .1099999  
   22962     10690          1  
   25240      8325   .5538025  
   25956      8325   .1458043  
   27786     29044   .2818031  
   62756      8325   .3799964  
   10437      1746   .1125024  
   61058      8151   .2048958  
    2697      8001          1  
   14815      4769   .2052824  
    1446      6127   .2568392  
    8324      6127   .1799937  
    8655      6127   .2846107  
   11170      6127   .1729473  
   20653      6127         .1  
   31101      6127          1  
   63923      6127   .5399576  
   64168      6127   .4274032  
   64201      6127   .0504695  
   14815     63598       .236  
   26069      9161   .1499899  
    2507     24997    .119633  
    2304      7017   .1834553  
    4367     14878   .0279958  
    5187      9653   .0547009  
    8974      9653    .211211  
   13276     11558         .1  
   14908      9653          1  
   28921      7017   .1500017  
   28921      9653   .2430023  
   29108     22255         .1  
   61409      9653   .1379994  
   64876      9653   .2043933  
   65764      2982   .1544331  
    1308      2991        .15  
    2270      4503    .047939  
    4367      2991   .0250009  
    4367     10482   .0533156  
    8357      2991    .176059  
    9258     15257   .1051827  
   10306     10482    .277513  
   10306     15257   .0235696  
   11644     10482    .117621  
   13276     10482         .1  
   14458     10482   .1200033  
   28703      2991   .0499976  
   29108      2991         .1  
   29108      6127         .1  
    1308     19349   .0701117  
   13174      7017   .1165578  
   25229     14878   .0617644  
  102983      9653   .1550009  
   62012      9589   .1410519  
   65221      1537   .1999958  
   30064      5439   .1939878  
   25509      2991   .3449953  
   25509      4503   .0907214  
   25509     10482   .1325518  
   25509    114303   .0890092  
   28621      2991   .1141503  
   65910     15257   .1146373  
   29317      7585   .1529734  
   29317      6008   .0913852  
   29317     23767   .1030546  
    5559      6229   .0943197  
   22838      2991   .1063272  
   29235     10482         .1  
    2497     13683   .3099999  
   30936     10984   .0967178  
    2497      2146   .2014447  
    4115      4961   .0959338  
    7635      8290   .1949978  
    2340     10482   .0628822  
   65881      3022          1  
   65881      4839          1  
   65881      5073          1  
   24749      7585         .1  
   24749     17110         .1  
   24749      3022         .1  
   24749      4839         .1  
   63010      1485   .6496977  
   24749      6066         .1  
   64072      9359          1  
    9303      5071   .1032817  
    4050      8479   .1030264  
    7696     23942         .1  
   11713     11259   .1491164  
   12614      5208   .2455794  
   12409     11259   .1708588  
   13324     16603   .1400113  
   11424     12409   .3347366  
   66643      2663   .0099415  
   25362     10247   .1209951  
    5141     11259   .2107682  
   10899      1240   .3374141  
   10899      6502   .3091645  
   64102      1240   .1055467  
    6029     16603   .1754428  
   62169      5229   .8119422  
    6029      4769   .1228238  
   29434      9359   .1479434  
    6029     25300   .1699834  
   11748      5134   .1399982  
   64526    221616   .7232704  
   25026      3813   .2649062  
   28701     11259   .1049999  
  106189     11259   .6331806  
   25026     28648   .2649062  
    4809     11535   .1274739  
   13830      6502   .1804871  
   13830     11535   .1397835  
   61417     25434         .1  
    5597     11259   .1103394  
    8336     11259          1  
   24755     11259    .089313  
   27926     11259   .3600032  
   62037     25434   .1717924  
   29068     61501   .4448723  
   31498     61581         .1  
   20054     18467   .0170279  
   30880      4769         .1  
   30880     11535         .1  
   24991      8530   .0925979  
   65570     10247   .2593669  
   29342      9359   .1463155  
   64760      9359         .1  
   64760     11535         .1  
   62836      6266   .2854372  
   25762      5073   .0286604  
   24884     11259   .0617341  
   30169      8123   .0553022  
   30169     10301    .450895  
    3622     11259    .155192  
    4635     11259    .187018  
    9963     11259   .0637366  
    5442     12044   .0027055  
    1235      2086   .2454065  
    9206      6307   .1800021  
    9206      4560   .0999895  
   30883     11259   .1278717  
   63925      3813   .1295796  
   64543     28127   .1140006  
   21281     13554   .2614293  
   30884      3964   .0949999  
   30884     62915   .0500013  
    9293     11259   .1518353  
   11319     11259    .139998  
   30884     29264   .0746736  
   27923      7922    .038695  
   21281     12631   .1063329  
   11486      3022          1  
   11486      5073          1  
   29087      3022   .0999984  
   29087      4839   .6192799  
   29087      5073         .1  
   66360     63447   .1509703  
   66360     10215    .113991  
    6768      6928        .07  
    4993     11259   .6357821  
    6214      3813   .1099956  
    6214     11259   .1702193  
    6468      3813   .1697182  
    6468     11259    .139997  
   12231     11259   .3599984  
   23062     11259   .1250169  
   23577     11259    .398163  
   25431     11259   .1099993  
   29125     11259   .2835213  
  109082     11259   .1340013  
   29125     10639    .168993  
    8219     12631    .092835  
    5456      6307         .1  
    9382      6307   .1363503  
   28303      6307    .082513  
    5456     11259         .1  
    7617     11259   .1600095  
   11060     11259   .1039926  
   13717     11259         .1  
   18538      3813         .1  
   18538     11259         .1  
   25987     11259   .0897008  
   28303     11259   .0923284  
   31733     11259   .2713825  
   65708     11259   .2599974  
    6376      6307   .0773583  
   11626      6307   .1000047  
   12450      3964   .1593404  
   21950      6307   .1261037  
   24032      6928   .1299994  
   29806      6928   .0599985  
   63170      4611         .1  
   63447      3964   .0692875  
   63526      4611   .0904977  
   11626      3813   .1317838  
   11626     11259   .1366334  
   18701      3813         .1  
   18701     11259         .1  
   27843      3813         .1  
   28450     11259   .1089987  
   61060      3813   .1796247  
   21950     12631         .1  
    9402      6307   .2287267  
    7644     11259   .1319102  
    3833      4768   .2591326  
   28676      6307         .1  
    1278     11259   .1829228  
   27957     11259   .1385246  
   28676     11259         .1  
   29926     11259   .0799947  
   29156      5680     .14165  
    8386      9761   .2463111  
    8386      4768         .1  
   12379      5680         .1  
    8101      6307   .0250006  
   28801      5564   .1490677  
   10186      2086   .0619553  
   64619      2285         .1  
    4055      3022   .2991385  
    4055      4839    .410192  
    4055      5073   .1213726  
   16477      3022          1  
   16477      4839          1  
   16477      5073          1  
   25164      7155   .1199883  
    6038     10983         .1  
    6038      5047   .0495834  
   61596     15334         .1  
   61596      5589   .0279318  
   11315      6104   .1152876  
   64180     62491    .128728  
    3415      2086   .1652199  
    5133      9004   .1416532  
   63192     15521   .1080004  
   28834      6307         .1  
   10326     11259   .1120692  
   14470     11259   .1669238  
   27755     11259   .1307128  
   28834     11259         .1  
   63192     11259   .1492534  
   22991      6502   .1072297  
   28834     10639         .1  
   25642     25279   .1280467  
   23491      6502   .0530588  
    7260     11259         .1  
   30578      4961   .1142284  
   64176     63919        .05  
   12515      3813         .1  
   12515     11259   .0503006  
  112880     31849   .1052971  
   12515     10639   .1993693  
   24325     14124         .1  
   24325      9818   .0612412  
   23948     16603   .3406492  
   23948     28990   .0186596  
   60832      8287          1  
   61595      5680         .1  
   61595      6307   .0589999  
   24303     11259          1  
   24303     10639          1  
   61595     28197         .1  
   63906     30128   .2611263  
   14399      2504    .164578  
   61400     15521   .2199987  
    5161     11259   .0902189  
    5161     11535   .1599991  
    2785     28924   .1942333  
   60887      7155          1  
   60887      6774          1  
   25017     11259   .2074459  
   12546      6307   .2840186  
   12895      5134   .1463127  
    4371      4839   .1099767  
   62865      3022         .1  
   62865      4839         .1  
   62865      5073         .1  
   29274      7409   .0151981  
   24852      6266   .8379889  
   64906     13690   .0830783  
   64906     61481   .0389156  
   30025     11096         .1  
    5608      2285   .2174233  
   28194      5229   .0252154  
    5811      3520   .1391753  
    5811      5047   .1316872  
   31689     14446   .3078981  
   24710     64745   .6987234  
   25523    100049    .431853  
   29252    100080   .3482003  
   62826    100080   .6814455  
    1359      8530   .2595524  
    3011      6266   .0341815  
    3011    101310         .1  
   13308     10243   .1161892  
   13599      7257   .1241135  
   13765     27998         .1  
   14290     15708   .3457588  
   15446      4245   .9581603  
   17764      1359   .6639665  
   19069      8530    .283911  
   20983      3011   .1154468  
   22250     25144   .1031726  
   24068      7257   .0528808  
   24661      6730   .0835672  
   25067      6730        .81  
   25937     15708   .6236382  
   27756      6730          1  
   27793      7257    .130002  
   27793    101310   .1100282  
   27998     27998   .1286603  
   29252      7257   .0372913  
   29252      7536   .4142582  
   29650      6730   .0156182  
   61366      3011   .9093341  
   62860      6266   .3991839  
   62860      8530   .3191697  
   63866      7257   .5039117  
   63866      8530   .2517583  
  112033    101310   .1489955  
    7694    110773   .0088179  
   14290     12711   .1102247  
   23812      1602   .4804426  
   29252      1602   .5087909  
   65944     62488   .0314465  
   63005      3532   .3152258  
  112033      6096   .3669648  
    1902      8213   .1059643  
    1902      7171   .0793255  
    4843      7171   .1331656  
    7040      7171   .1702614  
    8333      7171   .1099915  
   13365      7171   .1031969  
   16488      7171    .042835  
   21186      7171   .1554934  
   31229      7171   .1791989  
   65252      7171   .1499346  
  109185      7171   .1099991  
    2085     11259   .0451059  
    2950     11259   .0606109  
   24782     11259   .1743182  
   31229     11259   .2698524  
   64708     11259   .0852877  
    8526     13961   .2023951  
   28469     61481   .0502139  
   29826     13961   .1337914  
   31229      9155   .0740488  
   61940     29154   .1500238  
    5020     25966   .1499998  
   10902     29106   .0149309  
   25641     14563         .1  
   25514    100080   .2052786  
   65011    100080   .2261055  
    5902      7536    .801105  
   12180      8530   .2408433  
   12274      4245   .2268761  
   12381     30938   .3878466  
   31459      6266   .3007519  
   61399      6730   .0290257  
   62784      6730         .1  
   64375      7257   .0622062  
    4529     65011         .1  
   12381      5886   .0358783  
   27973    100423   .1276463  
   61448      4162   .8305648  
    2897      5169   .3507735  
    7526      2111   .1050201  
   12180      2111   .0941216  
    7503      6096          1  
    5798     13204   .1333142  
   64375     13204   .7121809  
   25641      3024          1  
   25641      3024    .098896  
   12915     24184   .1111959  
   25514     62889   .1301807  
   30255     18729   .3344034  
    7936    100080   .2486291  
   21659    100080          1  
   29439    100080   .1624661  
   60875    100080   .4961399  
   63996    100080          1  
  111492    100080   .7900082  
    2226      7257          1  
    2237      7257   .1024745  
    2646     30451   .3100563  
    2846      6730   .5019053  
    3116      7257    .721727  
    7936      2086         .1  
   12181      6730   .6691427  
   12181      7257   .0098837  
   12232      2086   .8412699  
   12252      5020   .8324084  
   12252      8530   .0578369  
   12275      2086   .4765511  
   12397      8530   .0567168  
   13282    101310     .99358  
   13334      2086      .0855  
   15414      2086   .0500124  
   24191    101310   .2530569  
   24881      6266   .0775182  
   24881      8530    .131482  
   25121      6730   .8349002  
   27920      7257   .4164691  
   30645      5020   .4159468  
   30742     15708         .1  
   61723      6730   .2610551  
   61723      7257   .2953646  
   62809    101310   .8774194  
   62838      6730   .1728565  
   62838    101310   .3988916  
   62921      6730    .067652  
   62921    101310         .1  
   62998      3011   .4082744  
   64327      2086   .7897508  
   64515      6266   .6436794  
   65404      8530   .1402116  
   12181     12181   .7857057  
   12181     12275   .7315289  
   24699      5885       .125  
   24904    119053   .9913762  
   26034     24468   .6867555  
   27920     12233   .1928783  
   27920    119053   .0740521  
   28563     12233   .0016014  
   28563    119053   .0326554  
   30645     12233         .1  
   30645    119053         .1  
   30742      1602          1  
   62809     24008   .1843972  
  119053     28220          1  
  119053     28220   .0604216  
   13282      2230          1  
   26034     10115   .3484653  
   28894      7228   .1878287  
   64515      2224   .0379568  
   24771     18366   .8133562  
    1602      7171          1  
    1602      7171   .2200001  
   62998     12745   .9589726  
   28806      2504   .1957831  
    3888      6307   .1750059  
   61142     11259   .1564956  
   63500     11259   .1353709  
   66108     11259     .21006  
   25959      2086   .1001159  
    3121     11259   .1311364  
    8073     11259    .129537  
   12630     11259   .2250976  
    3693     11259   .1738681  
    3840     11259     .20102  
    9521     11259   .2302648  
   23133     11259   .1100039  
   25989      3813         .1  
   25989     11259         .1  
   28004      3813         .1  
   28004     11259   .0532873  
   62290      3813         .1  
   62290     11259   .0543108  
   62918     11259   .1720233  
   11096      6829         .1  
    8711     11259     .16771  
   14885    100080         .1  
   15110     14124   .0663055  
    4462     10482   .1087286  
   24205     11794   .0001451  
   22139      3955   .0943729  
   22139      7648   .0825784  
    1244      5250   .5561307  
   25005     13483   .1405484  
    1244      5073   .0102594  
   20185      5680   .1434111  
    2593      4061         .1  
   15426      5073   .1165819  
   11234     11259    .107225  
   63225      5420   .4210526  
   63225     30247   .5119617  
   31526      4839         .1  
   31526      5073         .1  
   22447      5757         .1  
   22447     14878         .1  
    5903      4503          1  
   14978      2991   .1591246  
   16473      2991   .0946353  
    8853     11259         .1  
   31636      6307         .1  
   12370     11259          1  
    7906     11584   .0586282  
    9004     11584         .1  
    3200      3022         .1  
    3200      4839         .1  
    3200      5073         .1  
   11618      5073   .1066374  
    3200      2285   .1200001  
   15351      6066   .1861706  
    2264      5073   .2060046  
    5508      3022   .1024488  
    5508      4839   .2909828  
    5508      5073   .3628603  
    8648      5073   .3536735  
    2264     10301   .1034953  
   11376      2111   .1068887  
   28909     28875   .1044622  
   29234      8213   .2793906  
   22817     11259          1  
   61534      3835         .1  
   61534     30383         .1  
   61534      3022         .1  
   61534      4839         .1  
   61534      5073         .1  
    4463      7155   .0848336  
    4463      6774   .0241394  
   61534     15521   .0209617  
   61534      5680         .1  
   61534      6829         .1  
    6431      3813   .1064118  
    6431     11259   .2789014  
    8226     11259   .1720005  
   61534     11259         .1  
    6431     10639   .2110536  
   61534     10639         .1  
   24105     21487   6.67e-06  
   13409      9818   .2599952  
   13680     11465   .1063695  
    8197      4839   .1896006  
    8197      5680         .1  
   14854     11259   .1267985  
   21381     11259   .0857107  
   29008      8101   .0202586  
   29341      8101          1  
   29008      3022   .0148806  
   29341      3022          1  
   29341      5073          1  
   12467      9280   .9148133  
   65360      9818   .6645317  
   21701     11465         .1  
   14794      6081   .5972698  
   21701      2285         .1  
   29904     10519   .0723761  
   63195     10379   .1611079  
   63195      2146         .1  
   30843      8213   .1708549  
   15707      5680   .1844808  
   63913      5680   .3334613  
   14883     11259   .1217062  
   28964      4016   .0885663  
   28964     11259   .3221272  
   63548      7154   .1329535  
   29904      6066    .126122  
   21701      5047         .1  
   62262    100080   .1108018  
   62262      7585   .0744964  
    2061      3532   .1100009  
    2061      6307   .1000027  
    2061     11259   .1533987  
   10127     11259   .1600072  
   11265     11259   .1200047  
   22205     11584   .1334276  
    9932     62553   .1292236  
   61046     24608   .0968425  
   14462      3022   .2368319  
   14462      4839   .2258146  
   14462      5073   .1551062  
    8957     11259   .1680027  
    9058      9815          1  
   23992      5680          1  
   23992      5680   .0509453  
    8105      3121   .0892371  
   64345      5464   .0708093  
   13582      7585   .4413671  
   13582      6008   .0696309  
   63187      2285         .1  
    8105     11259   .2566697  
   63187      5047         .1  
    7777     15426   .1100002  
   10044      5073   .0748163  
   11600      3022         .1  
   11600      4839         .1  
   11600      5073   .1157696  
   29131      5073   .1258864  
    7777     10301   .1800011  
   29968      1755   .0199584  
   65248      2189         .1  
   15711      1988   .0999999  
    6531      5073   .1133812  
   13351      5073   .0947755  
   24321      5073   .0743229  
   29954      4839   .3100317  
   29968      5073   .1956321  
   31755      5073   .1193518  
    6424      6307   .0075489  
    4364      5047         .1  
   28958      2817    .105565  
    6044      3022   .2196969  
    6044      4839   .1992766  
    6044      5073   .1469608  
   10132      3022   .1573368  
   10132      4839   .1825121  
   28958      5073   .1021802  
   30557      4839   .0580007  
   30557      3734   .0641803  
   28958      5046   .0933332  
   28958      5047   .0841979  
    8051      8123   .1695346  
   64538     11615        .18  
   14450     13135   .1099998  
   62984      2285         .1  
   14443     10983          1  
   64538     66300        .13  
    8051      6774   .1679094  
    1331      2189   .0244387  
    7406      6008   .1300415  
    1331     10984   .0865924  
    1331      2146   .0891676  
    1331      4961   .0372649  
    1331     10980   .0236505  
   61314      8253   .0907096  
   61314      2285   .2040073  
    5061     11259   .1136827  
    6745      5073   .1260168  
   15286     16603   .2075636  
   64389     16603   .1875766  
    1988      8479   .0355693  
   11670     10845   .0625391  
   63593      5680   .3954436  
   63593      6829   .0770066  
   10030      6307   .1100023  
   64964      6307         .1  
   12651     11259   .1200022  
   61740     11636   .0719669  
   30909      6307   .1635322  
   14365      5680   .0691848  
   14365     13207   .0289885  
   14365      5564    .028866  
    7953      6375   .2999466  
   22264      3520   .8915877  
   15108      5047   .5692101  
   15127      6307   .0842723  
   13379     11259         .1  
   13379      1240         .1  
   13379      6802         .1  
   13379     14832         .1  
    4250      4839   .1564605  
    4250      5073   .1468973  
    4607      4839   .4639711  
    4607      5073   .2322298  
    7324      3022   .2191168  
    7324      4839   .3934202  
    7324      5073   .3106819  
   64727      2285   .1799986  
   64727      5047   .1154984  
   64121    100039   .0650036  
    1009      4839    .189998  
    1009      5073   .1800004  
    5758      3022   .5262143  
    5758      4839   .4405907  
    5758      5073   .0265841  
   28518      5073   .0790642  
   29073      3022   .1308683  
   29073      5073   .3508708  
   30598      3022   .0978989  
   30598      4839   .6742108  
   30598      5691   .1179737  
  117881      3022          1  
  117881      3022   .6100008  
  117881      5073          1  
  117881      5073   .3299978  
   11615      7155   .0959728  
   11615     10983   .1647353  
    6841      8972   .1350516  
   29395      2574   .0823909  
   29395     10867    .103587  
    1009     23218    .070005  
    2872     11259   .1208132  
   11615      5047   .2130082  
   13439      3835   .1056954  
    7107      5073   .0515041  
   13439      4839   .0573692  
   64198      8123   .0398989  
   12596      7246     .24449  
   10124     24978   .1991514  
    7762     11259   .3623712  
    9043     11259        .18  
   61575      2086   .1335927  
    8964      2817   .1498234  
    2521     11636         .1  
   28828     12581    .159962  
   61575      6008   .0219035  
    3979     11259   .2193835  
   61575     12141   .0583645  
    6507      2817   .0948235  
    3650      3022   .0731388  
    3650      4839   .0412434  
    3650      6081   .0676272  
   28981      6081   .0206631  
   28981      8253   .1562514  
   14954      3835         .1  
   28295      3835          1  
   14954      2817         .1  
    1754      6307   .2317876  
    2283      8802   .0138453  
   24841      4367     .00708  
   15126    114303    .099998  
    2295     62880   .1099525  
   10666      4598   .2253171  
    1297      3022         .1  
    1297      4839         .1  
    1297      5073   .2834894  
    9556      3022          1  
    9556      4839          1  
    9556      5073          1  
   16475      3022   .1893658  
   16475      4839   .1055879  
   63109      3022   .1299892  
   63109      4839   .1099908  
   63109      5073   .0999917  
   64455      3022   .2444094  
   64455      5073   .1252864  
   64455     14339   .1257593  
    8229      5256   .1076541  
    8229      6307   .3595079  
   12519      4062   .1018491  
   62707      9778   .5100085  
   15160     62398   .1800046  
   31477     15160   .1345029  
   30710      3955   .1500179  
   30781      3955   .1099937  
   11124      9545   .1931133  
   11124     24608   .1450079  
   21488      9545   .1130221  
   61587      9545   .3169993  
   63600      2721    .275082  
   30710     10622    .108723  
   62820      9818   .0180534  
    6509      7585   .1080022  
    6565      7585    .099999  
    9718      7585   .1462456  
   15293      7585   .1045867  
   15331      7585   .1411884  
   25662      7585   .0521945  
   28938      7585   .1493288  
   29918      7585         .1  
   30781      7585   .1900091  
   60982      7585   .1399862  
   61814      7585   .3980008  
   63052      7585    .318927  
   63066      7585   .1081953  
    6509      6008    .143093  
    6565      6008   .1213554  
    9718      6008   .2397576  
   25662      6008   .2785302  
   28502      6008   .1300001  
   29918      6008   .1734781  
   30192     23767   .1065324  
   30781      6008   .4691236  
   31483      6008   .0799935  
   31807      6008   .2405578  
   60982      6008   .2168077  
   61405     13369   .1136842  
   30068      8253   .1056468  
   21488    115245   .1069745  
   21488      7228   .1209969  
   30710     22144   .1421628  
   31483     18482   .0989918  
    9718      6066   .0700001  
   15293      6066   .1223136  
   21488      6066   .2363968  
   25662      6066   .1181734  
   28884      6066   .0490942  
   28884      7648   .1088008  
   30192      6066   .1544199  
   31807      6066        .12  
   63066      6066   .2437021  
   31807      7652   .1699982  
   25662     19349         .1  
   28884     19349   .1312754  
   61257     19349   .1199943  
   61814     19349         .1  
   63066     19349    .106274  
   66022     19349   .1650259  
   11349      5250    .108892  
   11302      3835   .2821659  
   10777      2817   .1156007  
   11302      1567   .0888141  
   11302      6066   .2888976  
    5860      4839   .0981189  
    5860      5073    .163198  
    5237      5047   .1299997  
   29894     11749   .3645674  
    2375      4839   .0757101  
    2375      2574   .0884564  
   12746      1663   .5121212  
    9813      7180   .5215708  
    9813      2991   .0997657  
    5621      4839    .548292  
    5621      5073   .2379622  
    5293      6307   .1355471  
   10741      6307   .1082421  
   29053      2991          1  
   22567      3022   .1173766  
   10349      6807   .1127773  
   29791      3955   .1179643  
   29791      9545     .12456  
   29791      4340   .0013177  
   65705      5650   .1029957  
   65705     20779   .5100332  
   20969     10622   .0127639  
   29936      7585    .761579  
   28078      6008   .1344116  
   64507      6081         .1  
   28078      2285   .2499886  
   62975      6774   .2484855  
   64663      6774   .1698436  
   62975      8972   .4778045  
   65705      7471   .1470281  
    3282     13501        .05  
    3282     63919        .07  
   21251     12171         .1  
   21251     14895         .1  
   28078      6066   .1932021  
    1392     18467   .0240799  
   10107      7652    .107488  
   13315      2504   .0512396  
   30831      5650   .0745874  
   64408      3955   .2300004  
   64462      3955   .1151859  
   14377      3282   .1300001  
   24608      7123   .1186156  
   24608      8867   .2754465  
   24608      9545   .0799996  
   28001      7123   .0657988  
   62377      7123   .2894473  
   62377      8867   .0287822  
   64544     11636   .1209122  
   61513      6512   .1399927  
   30009      2285   .0420818  
    6169     63919   .1499997  
   24791     63919   .1000015  
   28538     63919   .1609142  
   63644     12171   .1958797  
   63644     63919   .1945893  
   64177     16417   .1700065  
   64544     12171    .111793  
   24791     24779   .0260021  
    7123      6066   .3050599  
   11399      6066   .1200003  
   16729      6066   .1568253  
   28433      2504   .2999912  
   61513      7652   .1100119  
   25342      7585   .0787111  
   61027      7585    .299264  
   61027      8972    .137893  
   23875      5134         .1  
   23875      3863         .1  
    3048      3760   .0300282  
    7640      3955   .1518104  
   23987      3955         .1  
   25786      3760   .1360059  
   27903      3955   .1599969  
   62372      3955   .1720046  
   62372      5650   .1426972  
   64397      3282   .3000119  
   64638     24791   .1200029  
    9311     20779   .2100103  
    9582     20779   .1100093  
   29436     23875   .1199903  
   61531     10553   .1773763  
  110100     24357   .2894236  
    4340     11636   .1300033  
   29436     65676   .2374295  
   63744     11636   .4222117  
   31757     25563   .0699901  
    6130      7585   .0715191  
   27903      6008   .1199998  
   28253      6008   .1252043  
   23875      3022         .1  
   30131      4839   .1176223  
   61903      6774   .1199936  
    3769      5492   .0165616  
   23875      4598         .1  
   29659      6864   .1453541  
   30545      2146    .119996  
   30545     10980   .1537584  
   64186      6864   .1968951  
   13265      2860   .0199917  
   14537     12171   .1809622  
   16710     12171   .1409312  
   16710     63919   .1308579  
   24093     12171    .115015  
   24093     63919   .1275089  
   25958     12171   .1522163  
   25958     63919       .156  
   28147     12171   .1530479  
   28316     63919   .1516981  
   29366     12171   .0756755  
   29366     14895   .1643245  
   29366     63919   .2100059  
   61752     63919   .1545488  
   63053     63919   .1992626  
   65586     12171   .1299872  
   24357      6196   .1329392  
   14537     11259    .127074  
   28316     24779   .1200182  
    4340      6066   .1500058  
    5869      6066   .7318995  
    7640      6066    .176537  
   13011      6066   .0784464  
   16710      6066   .1169974  
   23987      6066   .3824092  
   25786      6066   .4982988  
   25958      6066       .118  
   27903      6066   .1900021  
   30131      6066   .0409158  
   31021      6066   .0936899  
   62372      6066   .1169973  
   64186      6066   .1329632  
   64397      6066   .1800012  
    7640      7652   .0599978  
   28147      2504   .1110058  
   29659      2294   .1299973  
   14849     19349        .19  
   29659     19349   .1232813  
    3781      3955    .154006  
    9511     30034   .4121212  
   62652     61552   .3199937  
    8562     10422    .190426  
    9511      6152   .0999369  
    9511     31666    .111143  
   22239     62730   .2248144  
    3781      6774   .1585164  
    3781      7077    .102019  
    3781      4159    .083984  
    3781      8972   .1349808  
   25554      4159   .1597453  
   66447     10984   .1000789  
    3781      4961   .1130105  
    7336      6864   .2573331  
   23067      1164   .2700286  
   23067      6864   .1299546  
   25773     63919   .1300001  
   61087     29910   .1400342  
   63684     63919   .1999837  
   23282     11259   .1500114  
   63684      2184   .1342521  
   31532     24779   .0453839  
    8759      6066   .2208937  
   20800      6066          1  
   22239      7648   .6617179  
   25441      6066   .0689148  
   61552      6066   .1597144  
   61684      6066   .0367683  
   62420      6066   .1599956  
   62652      6066   .2274353  
   63520     25807   .1464269  
   65552      6066   .1199814  
   14113     11278   .2099774  
   14113     24315         .1  
    3684     25157   .1578351  
   28064     29011   .1233713  
   12329      5047   .0110696  
   10422     11259   .0857902  
   28203     14152   .4810245  
    8334      7154   .2062049  
    3946      6066   .1367776  
    5253     11636   .2105736  
    5253      9135   .1475651  
   15761     11259   .1238505  
   21534      6066   .3079314  
    6268      3022   .1036002  
    6268      4839   .0684782  
    6268      5073   .0894449  
    6513      4839   .1027157  
   21542      3813    .096537  
   21542     11259   .2593726  
   13611      7154   .1728012  
   12581      2817   .0596477  
   30005      9545   .0177942  
   30005     24608   .0316244  
   12581      6066   .0404674  
   12581     19349   .0254798  
   10382     11636    .109324  
   25747      5073   .0859998  
   63694      5073   .1481429  
   61300      1209         .1  
   61300      1945   .0318899  
    3372     10618   .0999948  
   29146      3282   .8305139  
    4199      4839   .0515107  
   25918     10301         .1  
   14565     63919   .0900008  
   29146      6066    .491701  
   11580      5047     .16664  
   24795    100049   .0701164  
   30122      6565   .0500016  
   22772      4839         .1  
   25929      3022   .6355171  
    9619     10983   .1244094  
    5549      4839   .1449941  
    9771      3022   .1204119  
    9771      4839    .251652  
    9771      5073   .1029361  
   11465      6307   .2017186  
   24382     11259   .2887741  
   24537      6928   .2832795  
   29065      6307   .2160009  
   11531     11259   .1540762  
   13148     11259   .1197773  
   25015     11259   .2875383  
   25046     11259   .2123248  
   25326     11259   .2353835  
   29065     11259   .1000021  
  117178     11259    .164867  
    6527      2991   .1291061  
    2975      4839   .1155885  
    2975      5073   .1351448  
   60882      4839          1  
   22466      5680   .5860575  
   24969      5680         .1  
   24969      3813         .1  
   24969     11259    .092825  
   22466      6781   .1541175  
   61690      5047   .1043268  
   12788      3022   .1092795  
   12788      4839         .1  
   15135      3022   .7483186  
   24953      4839   .2776336  
   13354      8044         .1  
   11678      6307    .107189  
    3547     11259   .3412376  
    4322      3813   .1513012  
    4322     11259   .5161124  
   22373      3813   .1102784  
   27828     11259   .1362802  
   30964      3813   .0487119  
   62901      2184   .3023779  
   30964      5458   .2408349  
   29350     20031   .0641108  
   29396      3229   .0490155  
  112874     10388   .4744362  
    3705      7585   .2880505  
   31687      7585   .1113771  
   30625     10301   .0610302  
   29350      5492   .0907532  
    3229      1318   .1912093  
   10388     10984   .1492554  
   24543     10984   .1330901  
   28910     10984   .1213258  
   30576     10984   .1019986  
   61402     10984   .1099863  
   62750     10984   .0219986  
   64356     10984          1  
    3156      4961   .1464339  
    3705      1485   .0626179  
    3705      6864   .0689897  
    4140    221616   .1475128  
    6152      6864   .1027015  
   10388      8044   .2305763  
   15200      2146    .126325  
   16419      2146         .1  
   16419      8044         .1  
   16419     10980         .1  
   20903      4961   .3406501  
   22170      8044   .1000038  
   25619      6864   .5567189  
   28848      2146   .5500837  
   28848      8044         .1  
   28848      8286         .1  
   28910      6864   .1532542  
   28910     63825   .0836492  
   29350      4961   .0199996  
   29822      1485   .2501026  
   30576      4961   .1363562  
   30576      8287   .1098558  
   60822      1485   .1750684  
   60822      2146   .1724529  
   60822     10980   .2003582  
   61646      1485   .1280696  
   61646      2146   .0933851  
   62750      6864   .7215697  
   62840      1485         .1  
   62840      8044   .3373729  
   61426     22263          1  
   13015     12171    .098001  
   13015     14895   .1159982  
   29763     14895   .1044065  
   29763     63919   .3053695  
    3229      5288   .3424446  
    8633      5288    .099682  
   61392      5288   .0980977  
   61402      5288   .4561295  
   23197     11259         .1  
   23197      2184   .1877409  
   13443     28930   .1999729  
   29350      6066   .2607907  
   24543     18467   .1299966  
   28910      2504   .0990522  
   62709      5639   .1319202  
   30540      3955   .1793817  
   31586    100039    .399975  
    5166      7585   .1199992  
   29634      7585   .2031276  
   30844      5063   .2955809  
   64279      1281   .1801105  
   64282      7585   .2052924  
   31586      6512   .2100088  
    1281      4839   .2292974  
    1281      8253   .0691128  
    8162      7155   .0210999  
    7268      6774   .1080336  
    1635      8972   .1773118  
    5063     10379   .2006931  
    7268      8972   .0999779  
   18549      5492   .1287965  
   61689      4159   .0522324  
    4128     10984   .1070037  
    5166      4961    .180004  
   12924      4961        .12  
   60801     12171   .1301027  
   60801     63919   .1401099  
   62709      6829   .1768806  
    6467      3813   .0991585  
    6467     11259   .4092388  
   61212     64486   .0682042  
    4128     13506   .1019956  
    1650      6066    .459974  
   28236     25807    .144533  
    3031     25606    .014265  
   13329     19349   .1855515  
   13497     13990   .1769384  
   13923      4839   .1133631  
   13923      5073   .1231049  
   10286      2146   .0943354  
   64351      1485   .1899404  
   64351      6864        .25  
   65530      6864    .154094  
   29958     11259   .1323248  
    7685     15349   .2144934  
   11169     12917         .1  
   64753      5142   .1600031  
    6416      3955   .0598777  
   12677      5650   .0494639  
    6416      3282   .1275696  
   65735      7123          1  
    4283     30034   .1397101  
    2577      5073   .1723284  
   28940      6196    .174769  
    2577      6066   .0251378  
    9313      6066   .1759805  
    6416     12141   .1801569  
   31611      3955   .1403864  
    5831      3282   .4092657  
    5831     10107   .0749498  
    8365      1055   .3161738  
   24306     29345   .2328353  
   61378      3282   .0990003  
   62601      3282   .1094799  
   28195      8867   .1967097  
   31661     10553    .252089  
   62135     10553   .1658193  
   28139     11636   .0380022  
    3938     10420   .1000017  
   13891     24548   .1242786  
    1137      7585     .17531  
    1351      7585   .1588805  
    8365      7585    .182286  
    9650      7585   .0967878  
   13891      5063   .0990634  
   30247      7585   .1608359  
   31661      7585        .13  
   62135      7585   .2077446  
   31611     17110   .0900047  
    9650      7506   .0859972  
    9650      4839   .1436701  
    9650      5073   .0506968  
   31455     10301   .1299345  
   30247     10391    .221453  
   30247     10453   .0881957  
   12945      6066    .297449  
   13780      6066   .3124391  
   17110      6066   .1327646  
   24306      6066         .1  
   30170      6066   .0375391  
    3756      5047   .1199901  
   12945      5047   .1520967  
   12583      3955   .1100056  
   13412     29791   .1003121  
    7343      3282   .0907145  
   11062      3282        .22  
   16401      3282         .1  
   61088      3282   .1098273  
   61396      3282   .1417757  
   13412      6169   .1539197  
   31620     24608   .0064499  
   61592      8867   .5534884  
   61572     20779   .1859407  
   65167     20779   .2140204  
   66708     10553   .1519888  
   31147     61552   .1100024  
   31620     11636   .0050872  
   31511    100039   .1368252  
    6529      9818   .1298845  
  109258      5572   .1054562  
    9724      7585     .21875  
   13200      7585         .1  
   21763      7585   .7800862  
   23767      7585   .1520791  
   31147      7585   .1112322  
   31255      7585   .2183373  
   31511      7585   .1930817  
   31743      5063   .1767956  
   31743     23671   .0999942  
   60945      7585   .2707354  
   61088      7585   .0950812  
   66032      7585         .1  
   66708      5063   .2800187  
    6185     11001    .010479  
    6529      6008   .1099997  
    7343      6008        .11  
   11693      6008   .1000089  
   24190      6008   .1210227  
   61572      6008   .1000006  
   14146      5073   .1257316  
   30334      3022   .2280009  
    5818     10301    .100593  
    6185      6774   .4400366  
   31620      6774   .2020987  
   66393      6774        .19  
    5818      4159   .4098991  
    9799      8972   .3000616  
   61359      4159   .2600228  
   61359      8972         .1  
    9999     63919   .1317887  
    1161      1773    .123368  
    6109      1773         .1  
   13941      1919    .106897  
   16597      1773   .0874496  
   28678      1773   .1315649  
   31011      1773   .1849456  
    9799      5774   .1993295  
    5404      6066   .3807161  
   16401      6066   .0611998  
   25621      6066          1  
   26015      6066   .1599986  
   61572      6066   .1454057  
   61502     18467   .1444791  
   61639     28266    .042993  
   11768      5047   .5974095  
   66450     19349   .1168648  
  201395     19349   .0399476  
   10619      6774   .1402181  
   24165      6066   .2400043  
   30696      3955   .1299963  
   30696      3282   .1800008  
   30696      9545   .2851411  
   61105      8867    .269998  
   61105      9545   .1799987  
   62490     14324   .1700875  
   30696     61105   .1231323  
    7291      3022         .1  
    7291      4839   .3553367  
   30696      6066    .184761  
   61105      6066   .2099941  
   62297      6066   .0863009  
   13448      1209   .1292893  
   65590      3835   .1003333  
   29163      3955   .1504348  
   10361      3282   .3647178  
    1703      7123   .1608807  
    1703      8867   .1016674  
    1703      9545   .1339999  
    5791      9545   .3426542  
    5791     24608   .1769517  
    4962     10553   .1900862  
    4962     24357   .1400011  
    6956     11636   .7303163  
   10361      7585   .0850978  
    9922      4839   .1818142  
    9922      5073   .1490729  
   65590      4839   .1588726  
   65590      5073   .3754026  
   65590      6081   .0630969  
    6848      4768   .1457324  
    6408      7077   .0676005  
   10359      7077   .0915803  
    4467      6807   .2651977  
   30086      5492   .0910475  
   30086      8972   .0762939  
   65554     10453   .0949178  
    9922     61574   .1028252  
    1703      6066   .1000011  
    5448      6066   .2806653  
   10361      6066   .1353355  
   29163      6066    .161826  
   62724      6066   .1711527  
    1703      7652   .2010013  
    3962      2504   .2020123  
   62724      2504   .1199956  
   63531     18467          1  
    3962      3480   .0099913  
   13448      5047   .3902031  
    1470     23671         .1  
   25224      5073          1  
   62737      3022   .3207547  
    4248      6774   .0423561  
    9015      6774   .2203382  
   13176      2111   .0670869  
   27873     12171   .0744326  
   27873     14895   .0478277  
   27873     63919   .0811871  
   13906     11259   .1005271  
   65459     11259   .1726208  
   65153      8248         .1  
   23890      6066   .2100037  
   27873      7652   .1532968  
   63651     19349   .0134211  
   61469     14462   .0689585  
   13369      8867        .23  
   13369      9545   .4113243  
   31777      7123   .3246928  
   31777      8867         .1  
   31777      9545   .6405727  
   62933     31777   .3740091  
   62933      6066   .0699911  
    4838      4839          1  
   11796      4768   .1399988  
    8046     15426   .5233852  
   24384     15426   .0364711  
    2918      3835   .1700174  
    7873      3835   .1146573  
    4036      2817   .1196421  
    4168      2817         .1  
    7486      2817         .1  
   15313      2817   .2699989  
   11915      4199   .1129167  
   30164      4199   .4144681  
    1372      5073   .3430782  
    1786      4839   .1850677  
    1786      5073   .1167483  
    1865      4839   .2748243  
    2343      3022         .1  
    2343      4839         .1  
    2343      5073         .1  
    2918      3022   .1400058  
    3734      3022   .1286973  
    3734      4839   .1624738  
    4168      4839   .2001942  
    4168      5073   .1075665  
    4479      3022   .1171498  
    4479      4839   .6024033  
    4479      5073   .0541919  
    4600      3022   .0199916  
    4600      4839   .0399831  
    4600      5073   .0695171  
    5116      3022         .1  
    5116      4839         .1  
    5116      5073   .6627433  
    6482      3022   .3946667  
    6482      4839   .8919072  
    6845      3022         .1  
    6845      4839   .1065428  
    6845      5073   .0774996  
    6946      3022          1  
    6946      4839          1  
    6946      5073          1  
    7086      3022   .1186265  
    7086      4839   .2040033  
    7086      5073   .1098314  
    7099      3022   .3191873  
    7099      4839   .1704284  
    7099      5073   .1951612  
    7486      5691   .3176997  
    7873      3022         .1  
    7873      4839   .3746288  
    7873      5073         .1  
    9742      3022   .1490026  
    9742      4839   .2318681  
    9742      5073   .2826566  
   10004      3022   .1462103  
   10004      4839   .2394339  
   10004      5073   .1555274  
   10195      4839   .4727685  
   10195      5073   .4076443  
   10301      3022   .0642525  
   10301      4839   .1510592  
   10301      5073   .0651139  
   11261      3022   .2037696  
   11261      4839   .1843596  
   11915      3022   .0694908  
   11915      4839   .1822672  
   11915      5073   .2352311  
   12559      5073   .0496552  
   13692      3022   .2875939  
   13692      4839   .1919261  
   13692      5073   .3484197  
   13692      5691   .0986205  
   14148      4839   .4499192  
   14806      4839    .683584  
   14806      5073    .280001  
   19911      6081   .0999976  
   24636      5073   .5188738  
   25661      3022   .3499945  
   25724      3022   .1199996  
   25724      4839        .45  
   25724      5073   .1699996  
   25916      4839   .3443224  
   26019      3022   .1829882  
   26019      4839    .204214  
   26019      5073   .2655561  
   28636      3022   .1000004  
   28636      4839   .2200004  
   28636      5073   .1548236  
   28742      4839   .4077846  
   28742      5073   .2409261  
   29625      4839   .2581489  
   29625      5073   .1014616  
   30164      5073   .1537594  
   30626      6081         .2  
   30644      3022          1  
   30644      3022   .1592607  
   30644      4839          1  
   30644      4839   .1456011  
   30644      5073          1  
   30644      5073   .2749722  
   30863      3022          1  
   30863      4839          1  
   30863      5073          1  
   30869      3022   .1019825  
   30869      4839   .1730034  
   30869      5073   .2259723  
   31567      3022   .1526846  
   31567      4839   .1941966  
   31567      5073   .5068708  
   61376      4839   .2910705  
   61376      8253   .1100026  
   63483      3022    .069832  
   63483      4839    .505253  
   63483      5073   .3549148  
   66529      3022          1  
   66529      4839          1  
   66529      5073          1  
  117861      4839         .1  
  117861      5073   .9599999  
   14148      3734   .4299042  
   24384     10301    .617372  
   61776      4768   .1198508  
   28602     10645   .3100005  
    2918      5125   .1335752  
    4204      5125   .0927217  
   17225      6307         .1  
    7086     23218   .0862348  
   17225     11259         .1  
   23753     23809         .1  
   17225     10639         .1  
   30220      6066   .1492969  
   21793      5073   .1314748  
   10983      4839   .0514266  
    2598      7155   .0694508  
   10983      2285   .0548011  
   10983      7155   .0059201  
    6500     10983   .3882483  
   66300     10983   .1699979  
    2598      5047   .0595759  
   64313      5047   .1800022  
   65749      5047   .1861201  
   66300      5047   .1899977  
    4091      2285   .0839476  
    4091      7155   .0998371  
    7549      2285   .0750006  
    9218      2285     .14673  
   10163      2285    .083782  
   12740      2285   .1685392  
   20992      2285   .2669278  
   20992     10519   .2392647  
   22839      2285         .1  
   22839      7155         .1  
   64634      2285   .1548257  
  112034      2285   .4599897  
   25726      9218   .6916035  
    4091      6774   .1011576  
    4091      7077   .1465224  
   22839      3851         .1  
    8717      5047   .1584944  
    9218      5047   .1134891  
   20992      5047   .1100054  
   64568     10482   .3961492  
   11117      5073   .0909558  
   30107     10867   .1599996  
   30463     10645   .3716499  
   14364      6307         .1  
   14364     11259   .2645622  
   29440     11259   .2170025  
   14364     10639   .1834423  
   22978     21487   .3705553  
   29934      5589   .1840496  
    5018      5073   .1466083  
   29934      7155   .0447349  
   29934      6774   .1387638  
   22978     18699    .140313  
    3040      4128   .0558764  
   24912      7585   .1647895  
    7985      2285   .0732291  
   15277      7155   .0930006  
   28477      7155   .0586747  
    6534      6774   .2941788  
    6534      7077   .3322259  
   15277      6774        .09  
  110685      6774   .1301058  
    8176     14311   .1058403  
   12944     11259   .1399989  
    2694      5047          1  
    6534      5047   .1165266  
   15133      2086         .1  
    9097      9545   .0736632  
    5014     13204   .2499978  
    9490     13204   .3333764  
   15133     13204         .1  
    9191      7585   .0999878  
    9191      6008    .109585  
    8388      1608   .1000455  
    3798      9715         .1  
    2891      7585   .1154406  
    3158      7585   .1635771  
    3798      7585         .1  
   10453      7585         .1  
   27919      7585   .0790866  
   27933      7585   .1388394  
   28983      7585         .1  
    2891      6008     .18275  
   27919      6008   .0465556  
   28279      6008   .1697143  
   28983      6008   .1599889  
   28983     22325   .0599958  
   61048      6008   .3052909  
    4900     10301         .1  
   13865      2285   .1783081  
    4148      6774         .1  
    4900      8972   .4829683  
   28337      8972   .1676311  
   29950      1485   .2725311  
   29950      2146   .1363369  
   29950      8044   .1863236  
   29950     10980   .3677272  
   61725      2146         .3  
   61725      8044   .2252341  
   25899     63919   .1647035  
   25899      5288   .1100075  
   25899      6196   .2100044  
    3798     29580   .4099945  
   27919      6066   .0520004  
   29411     18467   .1238205  
   27919     19349   .0509999  
   31881      7585    .089987  
   31881      6008   .0999955  
   31881     16401         .1  
   61574      7409   .0002624  
    3735      6307   .1549097  
   31300     14652   .0995671  
    4349     30291   .0049746  
   11694      9545   .1565866  
    4972     11636    .489665  
   11694      2721   .3257552  
   14108      7114   .1009907  
   62217      7883   .1807229  
    7192      3022    .123127  
    7192      5073   .2097234  
   25676      4839   .6466829  
   25676      5073         .1  
   11803      4839   .1061196  
   11803      5073   .1034579  
   65421      2285   .1000273  
   13630     10983   .6821497  
   24662      5208         .1  
   20210     21487   .2898936  
    6844      7536   .0487279  
   14395      6730   .3248974  
   66027      3011         .1  
   66027    101310   .9354422  
   66658      3011   .5799677  
   20210      9004   .1465608  
    2235      2044   .0755002  
    9051      2044   .2207333  
   24449      2044   .0811256  
   63038     25355   .3301663  
   63676      2044   .6112186  
   66658      2111   .0100162  
   24304      7250   .2666667  
   24449      7228   .6395532  
   62200     25279    .117426  
   63083      7228    .219945  
   63676     25279   .3416229  
   24376     10984   .1486498  
    7199      8213   .1132844  
    9916     27957   .1384317  
   13474      7435   .4199984  
   24505      2086   .3733662  
   25784      2086   .0600134  
   29685      5073   .1702023  
   29685      2285   .3162462  
   14385     23088   .0544024  
   60907    101317   .3098151  
   24982      7228   .4394125  
    7205      8213   .1635253  
   14886      8213   .2947127  
   24505      8213   .1256539  
   14886     10247   .2635814  
   25932     11259   .1263417  
   28138     11259    .205219  
   28138     10639   .1317745  
    3916      3011         .1  
   63182     30325   .0569193  
   63182     10972   .1125204  
   23776      2086   .6195373  
   12874     15347   .0029748  
   26038      5046   .0953651  
   26038      8972   .1874367  
   10550     25355   .1918668  
   10734      2044   .2299709  
   23487      2044   .1101039  
   24988      3520   .5581546  
   23487     13623    .059916  
   31097     24712   .1168303  
   63100      7228     .07996  
    1633      5047   .0955581  
    1633     19349   .1364691  
    5901     19349    .305315  
    6039      5047   .1790698  
   25076     19349   .0188552  
   25575      5047   .1763036  
   61374     22578    .206861  
    9969      3011         .1  
   13014     29497   .3898026  
   62505      5256         .1  
   61374     11259   .7469829  
   61151     28398   .3112814  
   63445      3863   .4820299  
   28140    102696   .0385559  
   30458    102696   .0665891  
    8657     11259   .1218216  
   14808     11259   .2536089  
    8559      2555   .1099775  
   25771      2504   .2344365  
   12655     11259   .1376919  
   28907     11259   .1496662  
   64652     11259   .1951211  
   28907      2185   .0583916  
   10634     11669   .1123226  
    7116     11259   .1142752  
   62745     11259         .1  
    7116     10639   .2078481  
   62745     10639   .6429638  
   31464     13506        .95  
   30199      5518   .2079941  
   16545      6928   .4275455  
    4335      3813   .0273251  
    4335     11259   .1051792  
    4975     11259   .1212855  
    5518     11259   .1235193  
    8096     11259   .1627161  
   11971     11259   .1145488  
   16470     11259   .1771647  
   16545     11259   .3152741  
   25134      3813         .1  
   25134     11259   .4877385  
   25779      3813   .2817303  
   25779     11259   .2233241  
   30199      3813   .1191453  
   30199     11259   .1512901  
   60815     11259   .2263479  
   63175     11259   .0899484  
   64830     11259   .1698065  
   64896      3813          1  
   64896     11259          1  
    4335     10639   .1703613  
    4975     10639   .2151151  
    5518     10639   .2135194  
    8096     10639   .0584325  
   11971     10639   .2603003  
   16470     10639   .2372113  
   16545     10639   .3995426  
   25134     10639         .1  
   60815     10639   .2149106  
   64896     10639          1  
   30593      2991   .3401036  
   28388     24978   .5445619  
   29367     24978   .5257108  
   25688      6829   .1669009  
    4448      6307   .2846311  
   30358      6307         .1  
   65819      6307   .3039794  
   14111      3813    .201925  
   14111     11259    .155742  
   25154     11259   .1700008  
   26009      3813   .2899916  
   29229     11259   .1432882  
   30358      3813         .1  
   30420     11259   .1050953  
   30892     11259   .4121905  
   65923     11259    .137014  
   26009     10639   .5799832  
   30358     10639         .1  
   21256      6601          1  
   62564     12711          1  
   12168      5073   .2075734  
   64539      5518   .0673557  
   28333     24695   .3220721  
    7875     11259   .1466448  
   12289     11259   .1202236  
   12168      7154   .1099973  
   11509     10639   .0913193  
   31754      7914         .1  
   63123      5134   .0800008  
   24069      7180         .1  
   24069     21158         .1  
    3426      3022         .1  
    3426      4839         .1  
    3426      5073         .1  
   12692      2574   .4540199  
   25921      2574   .2070883  
   21063      4839   .1687936  
   10791      7017   .2121097  
   10791      7620   .2327924  
   61571     16603   .1843308  
   12840      5071    .102565  
   12840      6375   .1096566  
   61571      9113   .1156638  
   28632      8067         .1  
   13201      6104   .1529549  
   10791     15257   .3040746  
   30177     10816   .1331914  
   12598      5073    .183906  
   28933      3022          1  
   28933      4839          1  
   28933      5073          1  
   29612      3022    .384464  
   28632      4768   .2337405  
   30861      4769   .0900035  
   12169      6307   .1663919  
   30925      6307   .1354823  
   13201     11259   .4380713  
   13572      7017   .1199978  
   63460      9653   .1098056  
   13572      2991   .1250336  
   63460      2991         .1  
   13572     10165   .1701637  
   29290      2991   .4665537  
   63026     25563   .0899927  
    3216      3851         .1  
   63026      6864   .2254329  
   63026     62673   .1627815  
    1210      4598   .9092077  
    8092     10146   .0679859  
    8515      9653   .2412065  
   66381      4598   .1840068  
   15112     14124   .1572181  
   24810     15257   .1556401  
   15712     28338         .1  
   10645      2574   .1203565  
   10645     10867   .2119539  
   65882      6864   .4606433  
   25955     15257   .1282407  
   61640      3282         .1  
   63755      5073   .4359573  
   64160      3022   .3648037  
   61640     24779         .1  
   24708      6864   .1685697  
   28830      1485   .0901099  
   63070      1485   .1488023  
   63070      2146   .1139958  
   64899      9653   .3813499  
    2784     10984   .0283273  
    2866     10984         .1  
   10985     10984   .0399699  
   10988     10984   .0229631  
   11709     10984   .0217486  
   13375     10984   .1120699  
   63158     10984         .1  
    7357      1485     .08989  
    7357      6864   .0720408  
    8287      8286   .0035068  
   13375      6864   .1767197  
   24395      1485   .2269892  
   24395      2146   .1624359  
   25203      6864   .1100056  
   62752      6864   .1560753  
   63229      9195   .1339589  
   63229    143972    .117047  
   20519      5074   .3800517  
   20519      7648   .2199935  
   11523      4839   .1603651  
   30102     10686   .1072533  
   30102     25323   .0899964  
   30102     24058   .1330393  
   30102     25157   .1663535  
   25364      6864   .5007092  
   12206      5073   .3419015  
   16280      3022         .1  
    9930      6781         .1  
    9930     61352         .1  
   16280      5074   .0595664  
   14986      6427         .1  
   12791     11636   .1089683  
   62549      5073   .1364561  
   23227     10379    .579502  
    3343      8044   .4686909  
    3343      8287   .0696265  
    9242      8287   .2696938  
   30948     10980   .1026278  
   63525      1485   .1945775  
   63525     10980   .2842306  
   31524     11259         .1  
    8807      9245   .0005912  
    5870      4510   .0596725  
    4103     10970          1  
    9906     15257   .0372537  
    3814      5073         .1  
    6964      2011         .1  
   31366      2011   .1200049  
    4241      4242   .5506857  
    6399      3708         .1  
    6399      7154         .1  
   10508     18697   .1054143  
    5330      6066   .1325238  
   13432      1678   .1042692  
   28003      9653         .1  
    4348      5134   .1332186  
   25759      8151         .1  
    7994      2803   .1034876  
    9810      1224   .0416784  
   10495     12806   .0808859  
   30838     31010    .246766  
    2986     10482   .1019035  
    3206      1755         .1  
    3533      3532   .0371739  
    3206     10801         .1  
    3198      8248   .4457791  
    3206      5047         .1  
   17164      3911         .1  
    6135     15257          1  
    8792      4189   .0004565  
    7733     10801         .1  
   11236      6307         .1  
    8810      6266   .0029658  
    3033      2817   .0335656  
    9857     11465         .1  
    6825      4839         .1  
    2856      6066    .048335  
    6825      5047         .1  
    9857      5047         .1  
    7974     10970         .1  
    7974      2189         .1  
    1228     11259         .1  
   24690      8517   .1127577  
    1324      3520    .109207  
    1086      6557   .2795472  
   22263      4443     .00031  
    1324      7171   .0126102  
    1086      9225   .1400177  
   22263      2362     .04154  
   15171      5135   .0505473  
   31512      2011         .1  
   31454      8264   .3231466  
   28491      8248        .12  
    5256      5073   .0080382  
    5256      5047   .0070002  
   25551      6229   .2023881  
   60935     20779   .3086335  
   60935     25944   .0199935  
   63920      4768   .1319148  
   25406     25571   .1539459  
   10686      7257   .3099952  
   13314      2721   .0510295  
   15435     10980   .3700012  
   13500     24230    .137283  
   25690     63919          1  
   25690     24779          1  
   62811      6066   .2111469  
   16417     12141    .091932  
    7683      1920   .1349723  
    8382     23988   .0809086  
    7683      6307   .1499638  
    7683      3813   .1942051  
   29933      2193   .1780321  
    8382     24977   .1000011  
   30671      6008   .0131471  
    5968      5073   .0368098  
   30228      9216          1  
   30228     31667          1  
   30228     29353          1  
   12238      3282   .0830085  
   28435     30946   .0279084  
   62269     10754   .1699907  
   12680      9216   .0406035  
   62269      6008   .1399923  
   64174     30006   .1400166  
   24428     11259   .9788374  
    8350      4839   .1133428  
   10560      4768   .1109746  
   29754     14311   .1560861  
    6343      6774         .1  
    6343      7077   .0774529  
   13670      4093   .1102124  
   13670      3051         .1  
    6343     24637   .2134941  
    5772     11259    .181624  
   28797     11259   .2300056  
   13775     13506   .2132069  
    7967     10970     .17384  
   24790      4062         .1  
    5479     11259   .1000028  
    7171     11259   .1106119  
   30356     11259   .1200025  
   60994     11259   .0800118  
    2213      9155   .0530926  
    2213     13961    .063889  
   28182     10482   .1599976  
    6764     11259   .5054162  
   29626     11259   .0156244  
    9927     28450   .0133406  
   62437     25115   .1521082  
   62437      6774    .019297  
   14241     10247   .1383431  
   25536     11259   .1899997  
   14405      4577   .1162171  
    3914     31239   .2030015  
   64874     31239   .2009996  
   20909      7017    .099999  
    1721      2991   .0470621  
    5305     10482   .1091219  
    6629     10581   .1577569  
    1721      7366   .1515802  
   61546     14420     .13999  
   61546     63919    .300009  
    9748      3813   .2189052  
   11031     24851   .1061973  
   24887      6730   .6434708  
    9359     14152   .0023703  
   13292     23942   .0279637  
   10332     13067   .0022948  
   28522     10980   .0521896  
    6252     14266   .2218518  
    9441     28930         .1  
   61381     28636   .1408999  
  110679      5680   .2968091  
   31549     29710   .0182269  
   25016     24607   .3181131  
    8194      6197         .1  
    5334     23942         .1  
    5334      9155          1  
   30602     11259   .1000776  
   25031     14152   .1050801  
   25000      7171   .1062917  
   63553     23942   .1705202  
   29828      6307   .0019219  
    1831      4839   .0044038  
    5822      6066   .0651221  
    3345     14191          1  
   65521      4062   .0841751  
   12192      2051    .640277  
   66563     61783   .1600277  
   13344     25168   .2605478  
    6213      1240   .1579973  
    6213     14152   .0899985  
    6213     28197   .5193897  
   29777      2024          1  
   29777      2051         .1  
   25879      6707   .0436367  
   25879      1414   .0989171  
   29076     10519   .0127309  
   26933      5046         .1  
   61363     13779   .2651145  
   62869     27914   .1780421  
   10451      7648   .1299925  
    6781      9653   .0044805  
   61828      5439   .1688787  
   20977      5680   .0075641  
   20977     13506   .0030706  
   17059      3024         .1  
   28159      3221         .1  
   24287      1602   .0151054  
   61594      7647         .1  
   24920     13561   .1651049  
   25155     13561         .1  
   25155     31707         .1  
   13422      3955   .1521395  
   12405      7155   .1088018  
   13422      6864          1  
   63207      2547   .1200034  
   64807     10903    .211607  
   64807     27914   .1070454  
   30248      5047   .1499904  
    7092      2504   .0733779  
   11074      5071         .1  
   11074      8852         .1  
   14924      2721   .0467773  
   23724      4839   .1733443  
   14584      6307   .7571138  
   23727      3964         .1  
   11514     15257   .0672473  
   65108      6730         .1  
   65108     15257         .1  
   65108      1485         .1  
   65108      2024         .1  
   64045      2547         .1  
   65108      3221         .1  
    6259      2817   .4544358  
   10278      2991         .1  
   10278     10482         .1  
   10564      2991   .2444322  
   15822      9653   .1498611  
   15822      4503   .1750498  
   15822     15257   .2089274  
   20204      6928         .1  
   24096      6307         .1  
   24096     25283         .1  
   17055     11259   .3804028  
   31554     11259          1  
   20204      7922         .1  
   24717     11974   .2033639  
   31554     10639          1  
   63462      7652   .0999629  
    6313      5458   .1222174  
    6100     19349   .1327102  
    7426     22255    .122449  
    5313      6531         .1  
   23276      6876   .1924465  
   29281     63919   .1267974  
   28351     11060   .1075968  
   13281      3022         .1  
   13281      4839   .4108176  
    1257      3416   .1384192  
    7525      4598   .0303885  
   29929      6829   .0837109  
   31230      5680         .1  
    1257      6307   .2300188  
   28714      6307   .0659989  
   62233      6307   .1417197  
    1257     23942   .4923128  
    5851     11259    .018947  
   11220     25767   .1324603  
   25995     23942    .037699  
   25995     25767   .0301611  
   27780     11259   .1048939  
   28693     11259   .1107948  
   29929     11259   .1805025  
   30355     11259   .0461972  
   25995     29846    .045237  
   28693      6502   .0510018  
   30067      9255   .1164437  
   30822     66646   .0735994  
   12140     13121         .1  
   12140     19398   .1264718  
   12140     28924   .1404104  
   31230     28648         .1  
   27875     17108   .0091004  
   13124      2193   .2685107  
   13125      2193          1  
   13125      2193   .1200049  
   29323      6008    .073049  
   11700      6774   .0500127  
    7745     61481          1  
   11700      6066   .5368265  
   14856      2663         .1  
   14856      5071         .1  
   14856      6375         .1  
   14856      8852         .1  
   61330      7260   .1099068  
   29668      6074         .1  
   24217     14152   .0520144  
    6136     10845         .1  
    6136      5073   .3100002  
   61727      6864   .1194977  
   61727     12141   .0258136  
   24536     10639   .2463117  
    6016     25323   .3519207  
   62363      4839   .2172482  
    8248      1382   .1033496  
    8248     14266   .1956806  
   13514      1382   .6261261  
   65768      1230    .210006  
   65768      3851   .1099833  
   62363      6066   .1406906  
   64528      3851   .2332253  
   62982      8530         .1  
   64387      7257   .0639978  
    8497      2721   .0300318  
    8497     11636   .0205872  
    2538      5073   .1010278  
   30732      2285   .1988135  
    8892     10983   .1226037  
   30732      6774   .2076876  
   61179      4961   .0689892  
   30630     27914   .1560957  
   30130      5074   .1199962  
   30130      6066   .1212137  
   30530      6066   .1723659  
   65215     12141         .1  
   65215     12142         .1  
    6886      9653   .0983798  
   63233      9653   .0917628  
   62439      9113   .1814679  
   62665      1209   .1122194  
   12218      8530   .2399934  
   62665      7257   .1040848  
   31548      1602   .1199896  
    6886      4503   .2228918  
    6886     10482   .0845452  
    6886     15257   .1018105  
   61870      2817    .108871  
   31742     13372   .1617213  
   11708      7341   .1398136  
   61435      7585   .1250199  
  112042      7585    .319995  
    5074      5073   .3181799  
   14145      3022   .0897522  
   14145      4839    .319653  
   29900      4839   .1450036  
   63741      3022   .0520327  
   63741      4839   .1551286  
   63741      5073   .3613633  
   65270      4839   .1298288  
   11135      6774   .0138275  
   11135      7077   .0096435  
   66386      6774   .2289972  
   62397      2111         .1  
   62397     10984         .1  
   63589     10984         .1  
   64589     10984   .1712204  
   12218      1164   .2000036  
   12668      6864   .0500034  
   25138      1485         .1  
   25138      4961   .0897638  
   62634      6864   .1100514  
   63021      8044    .124677  
   63194      6864        .23  
   63589      6864   .1700082  
   65574    143972    .229179  
   11708     12171   .1797603  
   25631     13501   .1099971  
   25138      6196         .1  
   62479      6307   .1737815  
   11708     11259   .4002396  
   29433      2184         .1  
    2536     28349   .1467921  
    1953      6066   .0643289  
    2060      6066   .2397705  
    3342      6066   .2538661  
   11135      6066   .0605161  
   12668      6066   .1400041  
   14145     11910    .074775  
   30015      6066          1  
   62397      6066         .1  
   62456      6066   .1020829  
   63194      6066        .19  
   64864      6066   .5482345  
   65665      6066   .8478464  
   14145     17080   .0464157  
   30015     11278          1  
   61870     12142   .1350807  
   62456     12141   .1647606  
   63194     12141    .120027  
   65267     12141   .1218035  
  113498     12141   .1154345  
   66059      2504   .1444095  
   64589     25157   .0856102  
   12734      2193   .0687449  
  111864     63797   .1460273  
   25631     13822   .1307305  
  110529      6774   .1000054  
    6010      4961          1  
   61561      1485   .1099963  
   61561    214862   .1599881  
  110529      2146   .1699984  
  110529      4961   .1600032  
    1634      6066   .2137158  
    6362      6066   .1373345  
   64639      6066    .151321  
    6362      5047   .0897571  
   64022      9465   .2639405  
   11286      5179   .1300055  
   23123      5726   .7516379  
   31618      8530   .1103896  
   60950      6730   .1049664  
   60950      8530   .3233288  
   61253      8530   .2626798  
   61570     27998   .4245043  
   63018      7257   .3784837  
   63328      2086         .1  
   64451      2991    .120018  
   13421     62398   .1442517  
   63608     62398   .2786397  
    4477      3955   .0457957  
   25671      3955   .0916153  
   29356      3955   .1100179  
   30569      3955   .0618976  
   61756      3955   .1453488  
   62366      3955         .1  
   62447      5650   .1724303  
   64603      3955   .2789888  
   66053      3955          1  
   66657      5650   .1799954  
   12608      3282   .0382015  
   14626      3282   .1349611  
   26360      1392   .2828839  
   28744      3282   .0476422  
   30569      3282    .075942  
   65533      1392   .1029834  
   65875      1392   .2101944  
   61568     25115   .1716411  
   62005     11636   .1614941  
   62400     11636          1  
   63606     11636   .1917076  
   63640      2721   .2200134  
   63640     11636    .249976  
   63652     11636   .0640094  
   63652     61552   .0860179  
   63865     10622   .1389923  
   64099     10622   .1800156  
   28775     11465    .239972  
   62447     11465   .0458146  
   31854     13608   .3421394  
   61321     24548   .4628628  
   63454     60822   .0999811  
   30204      7585   .1099928  
   31622      7585         .1  
   61109      7585         .1  
   61321      7585   .1259789  
   62581      7585   .0580087  
   62859      7585         .1  
   62932      5063   .1300186  
   63454      5063   .1800614  
   64283     64753    .054899  
   29732      6008         .1  
   30569      6008    .074787  
   60797      6008   .0662136  
   13909      1608   .0499466  
   23701     14890   .1165713  
   13902      4839   .1099994  
   26011      4839   .0252395  
   31622      4839         .1  
   62859      3022         .1  
   62859      4839   .1243809  
  111732      5073   .3399999  
   61902     10301   .2071024  
   30760      2285   .0399902  
   31502      2285   .1271295  
   61385      2285   .1293645  
   31502     10983   .0823564  
   64701      6774   .0399861  
    8480      6807   .4237792  
   63112     10379   .1927075  
   28625      6288   .0684744  
   64451      6557   .2440889  
   12226      1543   .4300177  
   23701     10984   .0744903  
   61247     10984   .0199853  
   61642     10984   .1049957  
   63281     10984   .1203171  
   64007     10984   .2588005  
    6638      1485   .0890958  
    6638      4961   .2160972  
    7606     10980   .1640043  
   23701      8044    .122154  
   24315      2146   .1507332  
   31854      2146   .1799837  
   31888     10980   .1299374  
   61143      6864   .4497126  
   63112      1485   .1588237  
   63281      6864   .2102742  
   63885      6864   .1099761  
   63894      6864   .1200128  
   63981    221616         .1  
    9789     63919   .3100041  
   15855     14895   .0861298  
   15855     63919   .2113501  
   17080     12171   .0422652  
   17080     14895   .0944903  
   17080     63919   .3161089  
   17560     14895   .0653198  
   17560     63919    .250735  
   18087     63919   .1768263  
   22404     14895   .0628922  
   22404     63919   .1901785  
   22528     14895   .1032005  
   22528     63919   .1518712  
   22765     12171   .2775532  
   22765     63919   .3682077  
   23076     63919   .3406781  
   24167     12171   .0841794  
   24167     14895   .0784556  
   24167     63919   .1382923  
   24489     14895   .1164361  
   24489     63919   .1722136  
   25208     63919   .0652295  
   25223     63919   .0544243  
   25320     63919   .1167435  
   25783     63919   .1533937  
   27928     14895   .0767496  
   27928     63919   .1268198  
   28010     12171   .1551962  
   28010     63919   .2199916  
   28089     14895   .1100082  
   29351     12171   .3602027  
   29351     63919   .1202211  
   29381     63919   .1644901  
   30096     14895    .075161  
   30351     12171   .2400445  
   30835     63919   .2100156  
   31679     14895    .087949  
   31679     63919   .2933951  
   31704     63919         .1  
   31850     12171   .1148108  
   31850     63919   .1340452  
   60868     63919   .3093906  
   60963     12171   .3327635  
   60963     63919   .3350226  
   61517     63919   .1111788  
   61523     63919   .2526683  
   61532     14895   .1636447  
   61532     63919   .3254262  
   61676     12171   .2272878  
   61685     12171   .0546325  
   61685     14895   .0686374  
   61685     63919   .4699208  
   61694     14895   .0621918  
   61694     63919   .1179409  
   61754     63919   .2236184  
   62523     12171   .1199529  
   62523     63919   .2300176  
   63771     63919   .1475862  
   63843     63919   .2400452  
    8480      5774         .1  
   10724      6829   .2157671  
   24436      6307         .1  
    1111     11259   .0596159  
   24436     11259         .1  
   28199     11259   .0963779  
   61718     11259   .5083423  
    1111      2184   .0277929  
   25208      2184    .026574  
   31563      2184   .1800154  
   31704      2184         .1  
   31850      2184   .1262898  
   61685      2184   .0600025  
    1111     24779   .0238225  
   63203     24779   .1800464  
   20151      7154   .0495475  
    1111     10639   .0487645  
   14524     10639   .1145904  
   24436     10639         .1  
   28199     10639   .1059735  
   63898     10639   .1258969  
   19914     23592   .1395174  
   26852      2024   .5711402  
   61109      7562         .1  
   62690      8007   .2100087  
   63290      2024   .1449993  
   64914      8007   .1049351  
   12521     14191    .164919  
   13286      5048    .040006  
   63328      2547         .1  
   65875     28349   .1597478  
   63865     13963         .1  
    1111      6066   .0915931  
    4477      6066    .045897  
    5660      6066   .1890996  
    7606      6066    .364448  
   13346      6066   .3502792  
   17235      6066   .0053815  
   22998      6066         .1  
   23034      6066   .0552925  
   24475      6066   .0083356  
   24733      6066   .2094207  
   26360      6066   .1296809  
   27940      6066   .0999991  
   28010      6066   .1455262  
   28165      6066          1  
   28384      6066   .1297306  
   29356     11910   .1299871  
   29732      6066    .310018  
   30835      6066   .0792103  
   60962      6066   .6791857  
   61327      6066   .0599922  
   62932      6066   .0939166  
   63169      6066   .8653667  
   63324      6066   .0812302  
   63640      6066   .1500048  
   63821      1878   .1299488  
   63868      6066   .1000048  
   64701      6066    .750702  
   65202      6066   .0160121  
   63444      6785    .093517  
   19914      6036   .0343666  
   23034     23034   .1082706  
   30208     12141         .1  
   60860     12142   .1053854  
   60933     12141   .1260604  
   61498      3366   .1312658  
   61606     12141   .1005342  
   61606     24409   .1493959  
   61927     24167   .3000518  
   63640     12540   .0700086  
    4477     31194         .1  
   60973      2504   .2234348  
   61568      2504   .2306689  
   61862      2504   .2099976  
   63180      2504   .1000249  
   64099      7652   .1299896  
   60901     25157   .1222345  
   64309     25157   .1900222  
   31143      7932   .1224248  
   62296     62302         .1  
   30066     24607         .1  
   25520     20005   .1000199  
    7576     19349   .1357162  
   10026      5047          1  
   66053     19349          1  
   24865      7180   .0912322  
   14534      7536   .3596627  
   64383    114303   .0509977  
   64939      3835         .1  
    6035      3955         .1  
   62602      3955   .3365709  
   30398     10553   .1500085  
   30398     25958   .1239877  
   64886     11636   .0632253  
    1334     10622         .1  
   27969     10622   .1381965  
   22823      7585   .1799778  
    7817      6008   .1345292  
   65825      6008   .2611358  
   20991      3532   .0999612  
   24865      3022    .063981  
   64939      3022   .3163067  
   64939      4839         .1  
   13824     10301         .1  
   24865     10301   .1706629  
   14534      7409   .0283412  
   62133      3786   .1317319  
   14056      2146   .2075726  
   14056      4961   .0599855  
   14056     10980   .2299847  
   16405      4961   .4199973  
   61724      8287   .2609691  
   64041      1485    .427563  
   65047      1485   .1582122  
   65047     10980    .319186  
    1360      8873   .0065429  
   64886      1246   .1255688  
   30398     12171   .1264767  
   63915     26010   .1294643  
    1073      6502   .2700699  
    1073     11535   .2399915  
   13482      1240   .4164483  
   62602      8007         .1  
   66443     11818   .2999895  
   62974     13779   .1097561  
   13824      4423   .0421497  
   20991      5399   .2121633  
   25375     25157   .0895345  
   20991      7898   .1100487  
   25142     14652   .0863084  
   66630     19349   .1000783  
   12636      2086   .2674728  
   13316      7257    .015785  
   62266     10379   .1498244  
  110387      8287   .0800034  
   62266      3226         .1  
   28699     27914   .7500151  
   62732      6066   .1353442  
   64165      6066   .1954324  
   64165     12142         .1  
   64165      2504         .1  
   28008     11636   .1473112  
   15349      5073   .0139812  
   21235      5073   .1207358  
   63144      3851         .1  
   63641      6375         .1  
   24873      6266   .2255122  
   12396      3282    .158234  
   64942      2721         .1  
   64942      9818         .1  
   61536     25200   .8902655  
   63826     29822   .3919528  
   63641      6864   .0684188  
   64631      1485         .1  
    9350      6307   .0999998  
   22228      6307   .8005277  
   63602     25323    .187982  
   60814     28349   .0602943  
    9013      8383   .4629538  
   61355     62673   .1211328  
   64942     12141   .3339992  
    9299      5073   .0922298  
    8912     15089   .0067554  
   17117      2991   .1166754  
   17117     10482         .1  
   17117    114303         .1  
   61252      4371   .0087634  
   12960      9245    .120991  
   66590     63919         .1  
   14016      1594   .1400047  
   14016     11259   .4915888  
   61252     21507   .0574489  
   61627     12141   .5399984  
    3574     63079    .320291  
    8760     12815   .0676528  
   29458     24507   .2924574  
   29642      1240         .1  
   20988     13646   .2197291  
   29093      2193   .3800162  
   24692     13779   .0799977  
   24692     29710   .1235269  
   61482     27914   .2427865  
   64685     13779   .8357806  
   13631      2991   .0354921  
  110728      8530   .2977918  
   30711     13161   .0511727  
   22261    119053   .0980001  
   24389      6307   .1000121  
   65284      2086   .1043591  
    1884      3282   .2930898  
    1884      7585   .0668565  
    1884      6066   .1089254  
    1884     11278   .0389802  
   61061     13031    .110554  
   61117      6864    .176772  
   12890     10482   .1650391  
    7759      5073    .068999  
   62442      5073   .0609574  
   28125      8530   .1355143  
   11829      4839    .315391  
   11829      5073   .5084145  
   29075      5073   .2355156  
    1082      5680    .465601  
   13228      6066    .161017  
   29357     11038   .0511417  
   12698      4503   .0499937  
    4456      7585          1  
   12480      4839   .0329215  
    5124      7077    .098338  
    5124      6807   .2578542  
   24808      6557   .2119799  
   13096      4598   .0206403  
   15358      8044   .6710466  
   62494     11259   .1368616  
   63869     29106   .1249925  
   30095    101310    .115431  
   65905      8530   .1829764  
   27927      8517   .5678682  
   14263      3022   .4116884  
   15475      2285   .5228758  
   29697      6774   .1572476  
   19096      9653   .1000176  
    2519      7155         .1  
   61131     15708         .1  
   23027      5073   .2279653  
   31539      3851    .102792  
   63386      6864   .1496656  
   63724      7366    .226003  
    6809      3813   .3688536  
    6809     11259   .3281926  
   63386     10639   .1500736  
   61248      9783   .1800077  
   31677      2547   .2397836  
   63386      6066   .1199117  
   28770     19349   .2535846  
    1367      1678         .1  
    9552     14878    .215197  
   24474      8479   .3472963  
   28556      8479   .3799985  
   24474      5134   .1381568  
   15409      8123   .1122195  
   28266      3282   .1905269  
   60846     10420   .1552969  
   14009      7585   .1267936  
   25118      7585   .2951163  
   25118     30565   .1073536  
   30233      7585    .558927  
   11706      6008    .247482  
    5614      2285   .1755443  
    9607      2285   .1338222  
    9607      6774   .1017049  
   15409      6774   .4784262  
   14009      5492   .1218302  
   61988      6807    .111626  
   62401      7228   .0503462  
    1367     10690         .1  
   13481     12171   .1250049  
   13481     14895         .1  
   13481     63919   .1089996  
   25088      5680   .2631308  
   31018      5680   .5388219  
   21469      6307   .1784286  
    5458     11259   .2321292  
   10827     11259   .1890706  
   64919     15576   .1720352  
   29250      8824   .0234896  
   28266      6066   .2115691  
   30233      6066         .1  
   30675      6066   .1463662  
   29803     12141   .4369389  
   13102      5047   .2480503  
   29139     19349    .264625  
   31578     19349   .1200093  
    1300      4839          1  
