    7920      7180          1  
    7920      7180   .1200389  
    7920      6104          1  
    7920      6104   .2500405  
    7920     10855          1  
    7920     10855   .0899887  
    9728      3235          1  
    3153      1789          1  
    3153      1789        .99  
    5560      1789   .1465684  
    5686      1789   .0697415  
    5784      1789          1  
    5784      1789          1  
    9728      1789          1  
    9728      1789          1  
    1856      5135   .4241546  
    1856      5743   .1094762  
    3948      4240          1  
    3104      1789          1  
    3104      1789          1  
    2040      9653   .0862708  
    1223      5073          1  
    1223      5073   .0498236  
    8839      5385   .1488857  
    1732      9653         .1  
    2073      1788          1  
    2073      1788   .1288964  
    2164      1678          1  
    2164      5384          1  
    2419      7620          1  
    2880      7620          1  
    2880      7620   .1883759  
    3196      1788          1  
    3196      1788   .2369888  
    4496      9653          1  
    6365      9653          1  
    7930      9653         .1  
    8065      9177   .0830925  
    8524      9653   .0198189  
    8709      7620   .3059922  
   10146      9653   .1581001  
   10923      9653          1  
   10887      5381          1  
    2147      3398          1  
    2147      3398   .0661134  
    2437      4503          1  
    2437      4503   .0791699  
    2631     10621   .1211567  
    3637      5148   .0559353  
    4362     10621   .6480446  
    6365      3398          1  
    7560      3398   .0674319  
    7912      5148         .1  
    7912     10482         .1  
    8300      5790   .1806896  
    8521      5148   .1353646  
   10036     10621   .2299578  
   10143      4503   .1100217  
   10522      5790          1  
    7792      1365         .1  
   10938      1365          1  
   10938      1365    .151699  
    2209      7585          1  
    9873     10165          1  
    4552      4240    .055409  
    3930      9712   .1485832  
    3637      2941    .071167  
    2304      5940          1  
    4336      9653          1  
    5406      8505   .0525881  
    8954      1678   .0957519  
    8955      1678          1  
   11141      9653   .0198479  
    1661      1609   .0838833  
    1661      5790   .1464926  
    1860      4503          1  
    1860      4503    .139998  
    2270      4503   .1141839  
    4367      1609         .1  
    5187      4503   .1820366  
    7901      1609   .0811486  
    7901      3398          1  
    7901      3398   .1494367  
    7901      4503   .0625487  
    9258      3398   .0999979  
    3600      1365          1  
    3600      1365   .2139495  
    8429     10503   .0586197  
    7928      5384          1  
    8079      9653   .1057861  
    9835     10585   .1539621  
   10397      9653          1  
   10397      9653   .2500091  
    1347      2991   .1463076  
    7546      7475          1  
    7546     10482          1  
   10397      2991          1  
   10397      2991   .0999891  
   10397      3398          1  
   10397      3398   .0999891  
    8095      1755          1  
    8095      1755   .0532103  
    8947      6307          1  
    7359      8446          1  
    8451      2189   .0999995  
    5218      3980   .1113165  
    7635      5808   .1499997  
   10929      9359          1  
    5196      6502   .1210477  
    8997      6502          1  
    8997      6502   .1199947  
    6425      7154    .105938  
    9303      6307   .1475099  
    7493     11263          1  
    4910      3708   .3738823  
    5213      7154          1  
    3847     11263   .1099983  
    6481      1240   .0973322  
    1032      5055          1  
    3245      6375          1  
    3245      6375    .235787  
    6573      5073         .1  
    6573      6307         .1  
   10073      1620          1  
    5563     10983         .1  
    9140      2272   .2035975  
    2196      6307    .178649  
    3622      6307   .2045265  
    4635      6307   .1438472  
    3176      3022          1  
    3176      4839          1  
    3176      5073          1  
    1120      6307   .0961665  
    1235      8446   .1278339  
   10021      6307   .2042338  
   10021      7544   .0699969  
   10021      8446   .1976106  
    2068      3022   .2899207  
    2068      5073   .3132589  
    7087      4839   .1724602  
    7087      5073   .1722156  
    3211      6307          1  
    5005      3022   .2718203  
    5005      5073   .7081613  
    3125      6307   .0916701  
    3125      8446   .0814855  
    4993      6307   .2386631  
    4993      8446   .1631855  
    6348      8446          1  
    6468      6307   .0824375  
    6468      8446   .0959085  
    6880      8446   .4439586  
    7400      6307          1  
    7400      7544          1  
    7400      8446          1  
    8219      6307   .1161094  
    8219      8446   .2722495  
    8551      8446   .1062467  
    9955      6307   .1329946  
   10593      8446         .1  
    2091      7544          1  
    2091      8446          1  
    5456      8446   .0700013  
    7916      6307   .2234812  
    8255      6307          1  
    8255      6307   .2900095  
    8255      8446          1  
    8576      8446   .1495025  
    9382      6307   .3929997  
    9382      8446   .1863739  
    2584      6307          1  
    2584      8446          1  
    6342      6307          1  
    6376      6307   .3295056  
    5516      8446          1  
    7644      8446          1  
    6184      4839   .1162605  
    6184      5073   .3214957  
    7889      3980   .0248841  
    3120      6307   .1023665  
    4447      6307   .2427633  
    6821      5134   .0240132  
    7000      4839   .2900286  
    1777      2893          1  
    8386      9761          1  
    8386      9761   .1784259  
   10518      4768          1  
   10518      4768    .439213  
    2716      5680   .1079779  
    2502      6928          1  
    2502      8446          1  
    6614      4594          1  
    6614      6307          1  
    6614      8446          1  
    8101      6307   .1894686  
    2080      8446    .124905  
    4947      2817   .1222909  
    4055      3022          1  
    4055      3022   .2200034  
    4055      4839          1  
    4055      4839   .5400038  
    4055      5073          1  
    4055      5073    .099997  
    5699      3022   .0399999  
    5699      4839   .1117585  
    5699      5073   .1393941  
    1496      4839          1  
    1496      4839   .0999942  
    6226      6375   .0328652  
   11315      7180          1  
    6226      7692         .1  
    6226      9316   .0799774  
    1969     11274          1  
    1969     11274   .1140049  
    3421      5073          1  
    3421      5073   .1026588  
    3421      4218   .1070365  
   10338     11636          1  
   10338     11636   .0700475  
    1589      6307          1  
    1589      6307   .2200297  
    1403      5349          1  
    1403      5349         .1  
    6528      7475         .1  
    4455      5073   .1249174  
    5608      2285   .1710285  
   10902      9465          1  
    5020      6730          1  
    6414      8530   .0498971  
    1514     13204          1  
    2901      9653          1  
    3888      6307   .7050134  
    5354      4839         .1  
    5354      5073   .0932783  
    8849      5047          1  
    8634      5134          1  
    8345      5073   .0932684  
    2643      3022          1  
    3502      5589   .1477884  
   10873      5073    .153609  
    1761      6307   .3667895  
    7502      6307   .1132195  
    1600      8446          1  
   11618      3022   .0692082  
    3200      2285   .0047134  
    4819      2285          1  
    4819      2285   .0754961  
    3200      6774   .0084185  
    3523      4839          1  
    3523      4839   .2900071  
    3523      5073          1  
    3523      5073   .4199858  
   11376      2111   .1175917  
   11225      5109          1  
    5464      2189   .0397672  
    8226      3022          1  
    8226      3022         .1  
    8226      5073          1  
    8226      5073   .3899939  
    4000      3022         .1  
    4000      4839         .1  
    4000      5073   .0294599  
    8322      5073          1  
    8322      6066          1  
    8769      5169          1  
    8769      5169         .1  
   11468      5245          1  
    3765      7244          1  
   10515     10443          1  
   10218      7155          1  
   10218      7155   .0892902  
    8465      6307   .0785255  
    9629      2061   .1599751  
    9629      4218   .1571139  
    5367     13961         .1  
    7512      5439          1  
    7512      5439   .1456328  
    9837      5439   .1200012  
   11025      6307   .3249008  
    4935      9634          1  
    1312      4839          1  
   11600      5073          1  
   11600      5073   .1463353  
    6278      5073          1  
    6531      5073   .0399599  
    6537      5073          1  
    7175      5073   .1523727  
    9064      5073   .0920404  
    9188      5073    .044508  
    6945      6307          1  
    2471      4839   .0908551  
    2471      5073   .1912438  
    8722     11328          1  
    2451      8820          1  
    2451      3022          1  
    2451      4839          1  
    2451      5073          1  
    5532      4839   .1403684  
    5532      5073   .0781622  
    7949      5073   .2138039  
   10132      6502          1  
   10930      8889          1  
    8907      5245          1  
    8907      5245         .1  
    8051      8123          1  
    8051     11636          1  
    4178      6307   .2703375  
   11549      5073          1  
   11255     11465          1  
   11255     11465   .0449924  
    6391      5073          1  
   11255      5073          1  
   11255      5073   .0700152  
   11462      5073          1  
   11255      5256          1  
   11255      5256   .0849924  
   11138      6307   .2141763  
    9981      5073   .1781507  
   10179      4864          1  
    9121      9761   .0678228  
    7703      8446          1  
   10114      2991   .1857551  
   10114      5148   .1623223  
    4305      4768         .1  
    2098      9653          1  
    2098      9653   .0979523  
    2098      4503          1  
    2098      4503   .1940785  
    4625      2817          1  
    4625      2817   .1329994  
    2457      3022   .5845326  
    2457      4839         .1  
    2457      5073         .1  
    4250      5073          1  
    4607      4839          1  
    4607      5073          1  
    7324      3022          1  
    7324      4839          1  
    7324      5073          1  
    7468      5073   .1279837  
    4545      2285    .102378  
    6841      5496   .1800527  
    9984      2817   .0708446  
   11262      2817   .1031933  
   11661      7585          1  
    1009      5073          1  
    2952      5073   .3386215  
    4967      4839          1  
    4967      5073          1  
    5758      4839   .7296736  
    5758      5073   .1264209  
    9162      4839          1  
    9162      5073          1  
    9984      4839   .0621276  
    9984      5073   .0596897  
    6841      8972   .1099407  
    1009      4321          1  
    6589      6066          1  
    6953      2189          1  
    8636      8889          1  
    2521      9653   .0582736  
    9474      2062   .1469035  
    5198      1209          1  
    2065      6382          1  
   10957      3955          1  
   10957      7244          1  
    6701      5073    .243849  
    8358      5073   .0354113  
    1747      2157          1  
    1747      5046          1  
    1747      5361          1  
    8358      2285   .0324505  
    9474      6307   .0199832  
    1747      5047          1  
   10957      5047          1  
    3650      4839   .0432145  
    3650      8253   .0807635  
   10048      2817          1  
   10048      4839          1  
    1754      6307   .4084089  
    7624      6307         .1  
    7624      8446         .1  
    9234      6307   .2509513  
    7491      6066   .5326843  
    9335      2898   .1414056  
    9335      7155   .0843685  
    2802      5816          1  
    2802      5816   .1980777  
    4437      4839          1  
   10666      4598    .134148  
    2241      8556   .1102495  
    9556      5073          1  
   10852      5073          1  
   10219      2157          1  
   10219      5492          1  
    3610      2817          1  
    3610      4839          1  
    3610      5073          1  
    5181      5073   .2122646  
    6503      4839          1  
    6503      6066          1  
    1103      2817   .1421431  
    1704      7585          1  
    6509      7585          1  
    1103      3022    .427001  
    1103      5073   .2584459  
    5142      2285   .1089919  
    8927      2285          1  
    8927      2898   .0299907  
    8927      7155          1  
    8927      7155   .0299907  
    8927      6066          1  
    8927      6066   .0999904  
   11349      5250          1  
   11349      5250   .1223084  
   10777      2817   .1225834  
    3885      9947          1  
    2215      5073   .2500015  
    5878      5073   .0437434  
    8949      5073   .1537028  
    3885      5046          1  
    3885      6066          1  
   11302      6066          1  
    8463      5654          1  
    9968      6307   .1357981  
    7822      7077          1  
    2045     10972          1  
    9813      6495          1  
   10741      6307          1  
   10741      6307   .1066438  
    3910      6066          1  
    3910      6066   .6314569  
    6643      2189          1  
    3434      5073          1  
    4585      5073          1  
    4585      5073        .05  
   10349      5046   .0899931  
    8423      5047          1  
    7490      6053         .1  
    4955      6195          1  
    8154      3543   .2252565  
    3485      9434   .1220908  
    4781      5047    .324593  
   11399      3955          1  
   11139      1392    .130016  
    4136      7244          1  
    4136     10097          1  
    4136     10097   .1499971  
   11139      4873   .0599784  
    3785     10790   .1271094  
   11681     10373          1  
    1701      7648   .4155742  
    3769      7647   .2219664  
    8940      8530          1  
    3320      5063   .0810854  
    6840      4839    .175558  
   10556      4839          1  
    3781     10983          1  
    3781      8972          1  
    9443      4598   .1200233  
    6840      7648   .0996747  
    8940      5047          1  
    1126      7648          1  
    1126      7648   .1240293  
    8260     10538          1  
    2412      3835          1  
    3450      6307          1  
    7178      2817          1  
    7178      2817   .0517456  
   10334     11465   .0368816  
    6513      5073   .0663794  
    2970      6307          1  
    6268      6307   .1953832  
    3530      7064   .0102557  
    3710     11535          1  
   11130      6066   .1619956  
   10334      5047   .0538984  
    1099      6307   .1500038  
    1099      6066    .185513  
    9965      5288   .1054198  
    4464      5073          1  
   11287      3022          1  
   11287      3022   .0599978  
   11287      4839   .0400029  
   10335      6774   .0889526  
   11580      5047          1  
   10804      8972          1  
    9771      3022    .012504  
    9771      4839   .0482297  
    9771      5073   .3690477  
    6937      7544   .2376408  
    8743      6307          1  
    8743      6307   .2300024  
   11465      6307   .4600259  
    1930      6307          1  
    8196      8446          1  
   10436      6307          1  
   10436      8446          1  
    6571      5073   .1378178  
    9949      6307          1  
    9949      2185          1  
    9410      6307          1  
    1863      8883   .1289988  
    3156      9947   .1269933  
    1098      4839   .1395779  
    1098      5073   .1447863  
    1013      6864          1  
    3275      4961   .0600061  
    3275      5288    .109982  
    9390      5288          1  
    1013      6066          1  
    4279      2570          1  
    9212     10857          1  
    8162      2991   .4800714  
    3031      1614          1  
    4575      4487          1  
    1281      4839   .0185635  
    1281      5073   .0703417  
    1281      6913   .0283625  
    1281      8253   .0260653  
    7290      3022   .1186533  
    7290      4839   .1155431  
    7290      5073   .2387051  
    4279     10301          1  
    4279     10301         .1  
    6449      2114   .0897792  
    4118      4159          1  
    4279      5047          1  
    4279      5047   .4999477  
   10006      4864         .1  
    3892      7642          1  
   11161      8889   .2317061  
    2953      8643          1  
    9308      2574   .3922071  
   10006      2371         .1  
    3326      3760          1  
    3326      3955          1  
    3326      3955          1  
    2577      5073   .1200017  
    9313      7155          1  
    3098     10391   .0967344  
    2577      6066   .1347805  
    4283      6066   .0265247  
    9313      6066          1  
    3326     11278          1  
    3326     11278   .7314934  
    9072     10097          1  
    5831     11636          1  
    1137      7585          1  
    1264      7585          1  
    5831     10276          1  
    1137      2157          1  
    1137      6628          1  
    5831      6066          1  
    9716      3955          1  
    9999      3955          1  
    9999      3955   .1213876  
    1707     11636          1  
    1707      8889          1  
    1707      7585          1  
    7909      7585          1  
    7330      6008          1  
    7330      7579          1  
    1707     10301          1  
    7909     10301          1  
    1707      6774          1  
    1707      7077          1  
    9598      8972          1  
    1512     10391   .1004118  
    7344      6045          1  
    6008      6066   .1300001  
    7291      5073          1  
    7113      5046          1  
    3300      9947          1  
    3300      9947   .1500057  
    5448      9947          1  
    8727      9947          1  
    3783      5245         .1  
    1703     10097   .1949942  
    3300     10097   .1799841  
    6956     11636          1  
    9922      5073   .1657702  
    3399      2157          1  
    4467      7155          1  
    8727      5046          1  
    3399      4159          1  
    8727      8972          1  
    8893      8972   .1022146  
    9366      8972          1  
    5652      7228          1  
    3214      6066          1  
    3518      6066          1  
    3518      6066   .1500129  
    5448      6066          1  
    5448      6066   .2017937  
   10276      6066   .2100253  
    1879      9653   .1412261  
    4415      6730          1  
    7619      2817   .0576536  
   11310     10097          1  
    4621      5073          1  
    7619      3022   .1297952  
    7619      4839   .2071739  
    7619      8253   .1395687  
    9462      5073   .5686867  
   11647      6774          1  
    9746      6307    .076832  
    3601      6066          1  
   11310      6066          1  
   11310      6066   .2034318  
    4838      4839   .3426241  
    6257      4961          1  
    4036      2817    .234705  
    9742      2817          1  
    1372      4199    .108456  
    1372      5073   .2123271  
    1786      4839   .2070934  
    1786      5073   .1877849  
    2157      4839   .0980179  
    2372      4839   .2035782  
    2372      5073   .2981758  
    3685      4839          1  
    3685      4839   .1099991  
    3685      5073          1  
    3685      5073   .3499984  
    3734      4839    .163254  
    3734      5073   .1367066  
    4168      4839   .1023698  
    4920      4839   .0742374  
    4920      5073   .0982378  
    6482      3022          1  
    7873      4839   .1462416  
    7873      5073   .2132069  
    7929      5073    .193135  
    9300      4839    .241107  
    9300      5073   .7470143  
    9656      3022    .103959  
    9656      4839   .2334036  
    9656      5073   .1530017  
    9742      4839          1  
    9742      5073          1  
    9886      4839          1  
   10004      3022         .1  
   10004      4839         .1  
   10004      5073   .5138655  
   10195      3022         .1  
   10195      4839   .3200659  
   10195      5073         .1  
   10301      4839   .0484025  
   10301      5073   .0426207  
   10732      4839          1  
   10732      4839   .4900039  
   10732      5073          1  
   10732      5073         .1  
   11100      4839         .1  
   11100      5073         .1  
   11219      5073   .5271502  
   11261      5073   .2249948  
    8046      5046   .1173036  
    8046      7155   .1196527  
    4475     10983   .1553483  
   10301     10983   .0305157  
    8046      6774   .1566971  
    4204      5125   .1790781  
   11222      2285          1  
   11222      2285   .2020007  
    1005      2570   .0779842  
   10983      4839   .0199759  
    6926      4475   .1411165  
   10878      7155   .1331346  
   10983      2285   .0634103  
    1005     10983   .4058005  
    6500     10983          1  
   10878     10983   .2267557  
   11260      9705   .2894921  
   11260     10983   .2122107  
    1005      8972   .1056428  
    5567      3851    .080017  
    5567     13204   .0755066  
    2959      5047          1  
    6926      5047   .4501473  
   10878      5047   .1300795  
   11260      5047   .2848812  
   11252      3506   .1299625  
   11252      4199    .139866  
    1159      2285   .4210357  
    2905      7155          1  
    2905      7155   .4739489  
    3604      2285   .1148478  
    3604      7155         .1  
    7549      7155   .1383539  
    9218      2285   .3731034  
    9218      5361   .0920302  
    9218      7155   .1419208  
   11252      2285   .1899937  
    1159      1908   .1049096  
    2905      6774          1  
    2905      6774   .1460471  
    9218      6774   .0836638  
    1588      5047          1  
    3662      5047   .0830673  
    8717      5047          1  
    8717      5047   .3910935  
    5018      5073   .1075541  
    1847      5046          1  
    1847      5046   .1699948  
    1847     11222   .1051536  
    1847      6774          1  
    1847      6774   .1699948  
    5375      5245          1  
    2048      8889         .1  
    6628      3022         .1  
    6628      4839         .1  
    6628      5073         .1  
    2048     10301         .1  
    1173      2898          1  
    1173      2898   .1075248  
    4776      2285         .1  
    5535      2285   .1234335  
    6028      2114          1  
    7985      2285   .0678364  
   11401      2285          1  
    2048      6774         .1  
    6807      6774   .0435773  
    4420      6066          1  
    9694      6066          1  
    9694      6066   .2399069  
    9097      3955          1  
    9097      3955   .1200075  
    9490     13204          1  
    9769      6066          1  
    4492      4069          1  
    4262      6449          1  
    6532      7585          1  
    4900     10301   .0616508  
    7975      7077          1  
    7975      7077   .2152861  
    8548      5047          1  
   15466      7077          1  
    1778     13204          1  
    8189     13204          1  
    8189     13204    .119397  
    9929      7648   .1012098  
   15466      5047          1  
    8054      9947          1  
    8163      8889          1  
   11118      8889   .0627092  
    8163      7585          1  
   10089      5073          1  
    4236      7155   .0100978  
    8163      6774          1  
    8163      7077          1  
    8163     10391          1  
    6304      6066          1  
    8163      6066          1  
    7183      4839          1  
    9734      7155   .0505809  
    5957     10153          1  
    5957     10153   .1818536  
    2235      9560          1  
    2235      9560   .3603519  
   10407      5073   .1063913  
   11035      6066          1  
    6250      8536          1  
    6250      5808   .1196349  
    3712      6307          1  
    3712      6307   .2040559  
    5017     11345   .1966782  
    5017     11669          1  
    5017     11669         .1  
    1554      8530   .2369462  
    1021     11638          1  
    8029      7648          1  
    1633     10622          1  
    6039      5046          1  
    6039      5046   .1225874  
    1633      5047          1  
    6039      5047          1  
    6039      5047   .1778821  
   10456      7648          1  
   10456      7648   .1248229  
    1845      9653          1  
    7235     10639   .1843322  
    1677      5073   .0288355  
    4448      6307          1  
    4448      6307   .3655575  
    7443      7154          1  
    7443      7154   .2450647  
    6405      8331          1  
    6405      5169          1  
    3649      3022          1  
    3649      4839          1  
    4468      6307   .2264108  
    6962      6104          1  
    4328      2189          1  
    1993      5073          1  
    4328      2574          1  
    4328      3426          1  
    2550      8585   .1427121  
    6635      8479         .1  
    3900      8123          1  
    6635     11465         .1  
    6635      5073   .2364153  
    6635      6307   .2000206  
    9566      7008    .527372  
    9566      2941         .1  
    8210      4503   .1306399  
   10571      3835         .1  
    5320      4598          1  
    8833      2817         .1  
    8833      3022         .1  
    8833      4839         .1  
    8833      5073         .1  
   10645      2574          1  
   10645      2574   .1470009  
    5485      2817          1  
    5485      2817   .0382158  
    3271      5047          1  
    3271      5047   .0979321  
   11523     10301          1  
    3015      5073   .0451792  
    5870      4510   .0794315  
    7884      8972         .1  
    6964      2011          1  
    6964      2011         .1  
    5330      6066   .0880062  
   13277      7792    .180054  
    9407     10857          1  
    4157     10482   .0839225  
    9407      1609          1  
   10896      5743   .2027137  
   10671     10862          1  
   10671     10862   .2159998  
    7990      2803   .1056082  
   10896      4404   .0428048  
    2986      5148          1  
    2986      5148   .1900017  
    7734      2418   .1093498  
    7734      1755   .0384351  
    6135      5381          1  
    6135      5381   .1100008  
    7478      6104          1  
    7478      6104   .1527019  
    6135     10480          1  
    6135     10480   .1100008  
    8175      7475          1  
    8175      7475   .0384252  
   10446      4839          1  
   10446      4839   .1394096  
    6172      8852   .0055185  
    8810      6266    .003387  
    8810      4503   .0110603  
    7380      3835          1  
    3033      2817   .0747458  
    3439      5073   .0946134  
    6825      4839         .1  
    8810      5073   .0041738  
    2856      6066   .0520256  
    6825      5047         .1  
    5045      2285          1  
    1049      6307          1  
    1049      6307   .3782759  
    3317      2285          1  
    3772      2029   .0769664  
    3791      6066          1  
    5968      5073   .1034146  
    4453      7544   .9499971  
    4147      5047          1  
   11318      5250          1  
    8222      1609          1  
    3184     11259   .1153812  
    8350      5073          1  
    8350      5073   .1399994  
    8905      4818          1  
    8905      2991          1  
    8905      4503          1  
    8905     10621          1  
    7295      5288          1  
    7374      9653          1  
    3065      5122          1  
    5479      6307          1  
    5479      8446          1  
    6404      5285   .0982452  
   10375     11278          1  
    9001      4839   .2919857  
    9001      5073   .1295775  
    6764      3980   .1196768  
    6454      6502   .1321728  
   10182      1240   .1911069  
    3681      4503          1  
    7954      9381   .2421782  
    9748      6307          1  
    9748      8446          1  
   10814      6307          1  
   10814      6307   .1885689  
   10814      1240          1  
    8063     10983          1  
    1138      2285          1  
    1138      7155          1  
    1738      4979   .0372157  
    6790     10735   .0095111  
    8240      6066   .1067465  
    1097      8446          1  
    7121      5073          1  
    7121      5073   .4831504  
   11074      8852          1  
    4989      2193          1  
    7657     10287          1  
    3838      6387          1  
    1179     10950   .1634665  
    5857      9297   .4068234  
   10140      8889          1  
   10140      8889   .0959495  
    5746     10482          1  
    5746     10482    .599821  
   10504     10482   .0906596  
    5746     10490          1  
    3958      8889   .1296296  
    6661      7235          1  
    4465      6387          1  
    4465      6387   .7444445  
    6626      3808          1  
    8037      3398          1  
    8060      8446          1  
    5763      3022   .1212049  
    2351      8446          1  
    4286      1608          1  
    9457      6307   .2200069  
   10347      7544     .86869  
    5340      5055          1  
    5340      5055   .1360036  
    1933      8479          1  
    6212      4839   .1210002  
    6978     11535          1  
    1933      5047   .0499983  
    3750      8643          1  
    5178      4321   .0776945  
    4273     10301          1  
    4770      6307   .0100339  
    4770      8446   .0112104  
    9277      5361          1  
    9277      5361   .1789236  
    9277      7155          1  
    9277      7155   .5280361  
    1781     11465    .105754  
   10305      8479          1  
    1634      5073          1  
    6785      5073   .0955605  
    3829      5361          1  
    2006      2024   .0809923  
    2006      8007          1  
    2006      8007   .0674678  
    6959     10097          1  
   10588     11636          1  
    5143      2285    .172978  
    7518      6066    .079242  
    6696      5047   .6134627  
    9337      4503          1  
    7110     11636          1  
    7110     11636   .6818182  
    4291      6066          1  
    4291      6066   .1499567  
    3688      5125   .1200667  
    3957      6307          1  
    3957      6307   .8631396  
    2322      3022         .1  
    2322      4839         .1  
    2322      5073   .1755396  
    7932      4321    .074723  
    7932      6066          1  
    7932      6066   .0519752  
   25682      6266          1  
    5612      3398   .0594205  
    5612     10482          1  
    5612     10482   .1103845  
    9013      7468          1  
    3303      1581          1  
    6324      1627          1  
    6324      1627   .2053998  
    9299      5073   .0931472  
    7197      9560          1  
    5206      8889          1  
    5206      8889   .2422316  
    5378      6307   .0494706  
    5378      7544         .1  
   10371      6861   .1886836  
    6654      4839         .1  
    6654      5073   .1357957  
    6069      5036          1  
    7995      7544   .2247645  
    6909      5073   .1438818  
    2362      4864          1  
   10297      5148          1  
   11630      7642          1  
    8087      8889   .1174841  
    1687      4839          1  
    1687      4839   .5158963  
   10069      4598          1  
    2519      7155          1  
    2519      7155   .1223312  
    7287     11081    .158305  
    7753      7244          1  
    7753     10097          1  
    9048      6008          1  
    5614      2285   .0875972  
    5614      7155   .0718111  
    5614      1908   .0546489  
    5614      6774   .0546489  
    7753      6774          1  
    8089      9137          1  
