    3702      6495   .1883075  
    3702      5055   .2232958  
    8596      5055         .1  
    3702      2663   .2073054  
   12349      2663   .1099744  
    8596      8479         .1  
   13468      6830          1  
    2249      9548   .3851668  
   12750      5060         .1  
   12750     11259         .1  
    9821     10793         .1  
   19965      8675   .2306667  
   13097      6104   .4124896  
   13156      5862   .4993151  
    3107      6537         .1  
   11993      6531   .0935299  
   11993      5135   .1317896  
    3940      3235   .1877558  
    5686      4371   .1159126  
   11107      4371         .1  
   11985      4371   .2100057  
   14011      4371         .1  
    3153      1789   .0741186  
    7743      4856   .2335524  
    3104      1789          1  
    8839      5385   .1323793  
   11440      5135   .1171422  
    7815      8290   .2100269  
    1527      9653    .158236  
    1732      9653         .1  
    2073     11038   .1532385  
    2257      9653   .1084906  
    2261      1788          1  
    2422      7017   .1489362  
    2837      7620   .1002838  
    3196      1788   .5768581  
    3637      6403   .0647802  
    4052     11038   .2283272  
    4356      1788   .3215187  
    4472      9653         .1  
    4614     14228   .1977458  
    5294      6403   .3501259  
    5300      6403   .3501946  
    6870     11038   .1261659  
    7930      9653   .5598705  
    8065      9177   .4168804  
    8521      9653   .3586413  
    9022      9653   .2577801  
    9437      7017          1  
    9505      7017   .1424581  
   10296      7620   .1478261  
   10673      9653   .2020117  
   11048      7017   .3700834  
   11527      1788   .1891892  
   12042      4844    .109993  
   12044      7017   .2908969  
   12088      9653   .0632118  
   12577      6403   .1098713  
   13567     11038   .2100024  
   13586      2837   .6275248  
    6047      5134   .2786885  
   10887      5381         .1  
   13551      4371          1  
    2128     11559   .3478367  
    3213      2593        .09  
    7276      2593   .1328712  
    1338      2991   .1902399  
    1338     10482    .129683  
    1446      4503   .1691312  
    1544      1609   .0379289  
    1544     15257   .1753701  
    1732     10482         .1  
    2073      7475   .4255179  
    2261      1609   .2799423  
    3213     10482   .1016949  
    3637      4503   .2304942  
    3826      1609          1  
    4325      1609   .6923077  
    4325      5790          1  
    4357      4503          1  
    4362     10621         .1  
    4434      2991         .1  
    5757      7008   .1367532  
    6047      4503   .0731707  
    6826      7476   .3964497  
    6852     10482   .1308594  
    6855      7475   .1020408  
    7159      2991   .4195748  
    7309      7476   .1116279  
    7927      2991   .2084433  
    7934     10482         .1  
    8011      2991   .1940639  
    8521      2991   .2254305  
    8708      9652         .1  
    8708     10480         .1  
    8838      2991   .1280982  
    8838      7475   .1033082  
    8838     10482   .1878098  
    9177      1848   .1940966  
    9406      7475   .2558291  
    9802      9652          1  
    9859      4503   .3586957  
   10143      4503   .2145449  
   10522      5790   .3037975  
   10877      7476   .1186499  
   11082     10482   .6276868  
   12039     10482   .1099856  
   12045      4503   .0907224  
   12088      1609   .0836478  
   13827      1609   .0657439  
   13827     15257   .0431177  
   10437      2189   .1099819  
    6976      1789         .1  
   10938      1365          1  
    1733      2927         .1  
    9873     10165   .3346073  
    4844      4242     .14162  
    6826      4242      .3125  
    6938      1048   .2886138  
    7912     10490   .2500013  
    8468      7363   .0993969  
    8516      1048   .1199711  
    8627      1048   .2054581  
    2697      8001         .1  
    1226      1301   .1424161  
   12045      1301   .0371968  
   14228      2547         .1  
    5630     12540   .2512424  
    1143      9653         .1  
    2304      2286   .3002693  
    4367     11038   .1100039  
    5187      9653   .0982567  
    9258      9653   .0999982  
   10306      2437   .1081442  
   11141      9653   .3300217  
   11644      9653   .1400208  
   14908      9653    .119988  
    1143      2991         .1  
    1143     10482   .7632512  
    1860      4503   .1439569  
    2270      2991   .1000041  
    2304      1609   .1376518  
    4082      1609   .1281916  
    4367     15257   .1199685  
    5187      4503   .1954165  
    5187      7475   .0991432  
    5187     10482   .1162791  
    9258      1609   .1400018  
    9258      7476   .0999982  
   10306      1609   .2898894  
   10306      4503   .2452159  
   10306      7475   .1362979  
   10306     10482   .1687804  
   10306     15257   .0687364  
   11644     10482   .3399948  
   11925      1609   .5293379  
   11925      2991         .1  
   11925      4503         .1  
   11925     15257   .3021673  
   14458     10482    .129408  
   14908     15257    .119988  
    3600      1365          1  
    9588      9653   .0999613  
    9588      1609         .1  
    9588      4503         .1  
    9589      1609   .1372858  
    9589     15257    .099973  
   13174      1609   .4836298  
   13174     15257   .3372412  
    8079      9653   .1701801  
    3633      1609   .1500005  
    3633      4503   .1100038  
    8079      2991   .1259667  
    9835      4503   .0178571  
   12256      9545         .1  
   12256      6036         .1  
    8095      1755   .0598006  
    8095      6537   .0634591  
    8947      6307   .0687128  
    5814     11259         .1  
    7567      5073   .2560565  
   11409      9177   .5842618  
   11409      1609   .0951743  
    8451      2189   .1556999  
    2497     10984         .1  
    2497      2146   .0964687  
    2497      4961   .1700072  
    6209      1788         .1  
    2340      1848   .1548457  
    2962      1609   .5495653  
    2962     15257   .6336908  
    6209      1609         .1  
   13233      9653   .1450026  
    4746     15257         .1  
    1378      8253    .125597  
   11519      6502         .1  
   11519      7154   .0505018  
   13798      3813   .0265632  
    7493     11263   .1394337  
   12614      5208   .0887944  
   13318     10190   .1285872  
   12409      9359   .1299991  
   11536      1240   .0590981  
    4078      9359   .1159281  
   12282      2663   .1382932  
    3245      6375   .0850442  
    6573      5073         .1  
    3657      1193   .0013034  
    6029      2991         .1  
    6029     15257         .1  
    6594      6502   .0806735  
   12201      6502         .1  
   14932      8479   .0659984  
    3311      3485   .1590434  
    5868      6307         .1  
    5868     11259         .1  
    3311      6066          1  
   10177      5071         .1  
    3642     11465         .1  
    3642      6066         .1  
   15275     14550   .1176909  
   13046      4573         .1  
    2196      6307          1  
    4635      6307   .1382036  
   12547      8479    .036733  
    3176      3022          1  
    3176      4839          1  
    3176      5073          1  
   13701      3022   .0379357  
   13701      5073   .0348815  
   14218      3022   .0203025  
   14218      5073   .0166111  
   13701      6307    .033364  
   14218      6307   .0172186  
    1235      2086   .1431642  
   13196      3022   .0290108  
   13196      5073   .0266752  
   14426      4839         .1  
   14426      5073   .2067203  
    9206      6307   .0622872  
   10021      6307    .184988  
   13196      6307   .0255148  
   13196      7544         .1  
    9206     11259    .118736  
   14520      7889   .1144651  
    8857      6307   .1217625  
   12325     11259   .2419987  
    8857     12631   .1594851  
    7087      4839   .3700016  
   11486      3022          1  
   11486      3022         .1  
   11486      4839          1  
   11486      4839         .1  
   11486      5073          1  
   11486      5073         .1  
    2788      4768   .1228037  
   11486      6307          1  
   11486      6307         .1  
    4993      6307   .1259798  
    8219      6307   .1209593  
   12231      6307         .1  
    4993     11259   .1700002  
    6468      3813   .1000301  
    7018     11259   .0274341  
   21345     14908          1  
    5456      6307   .1006388  
    7617      6307   .0826079  
    7916      6307   .1592757  
    9382      6307   .2868351  
    6376      6307   .3460513  
   12867      6307   .1341766  
   12867      7544         .1  
   12867     11259         .1  
    7595      6307          1  
    9402     11259   .0475927  
   13435      3813         .1  
   13435     11259   .1570024  
    6184      3022         .1  
    6184      5073   .1647689  
    1750      6307   .1799986  
    4447      6307   .1552505  
    9327      4016   .0641157  
    8386      9761   .1754065  
    8386      4768         .1  
   12786      7077   .1060053  
    9264      8972          1  
    3100      6307         .1  
    3100      7544         .1  
    8101      6307   .1240228  
    2508      6307   .2219336  
    2508      2185   .1099963  
    6438      9118   .1019623  
    6433      6066   .1286593  
    4055      3022   .3911753  
    4055      4839   .4494114  
    4055      5073   .0600016  
    9649      3708         .1  
    9649      9673         .1  
    9649      5662    .035071  
   13642      9514         .1  
   15339     13302   .3007827  
   15339      8331   .1785938  
    3421     10097   .1050622  
    3421      5073   .1287736  
    6732      6074         .1  
    6732      7154         .1  
   11795      5071         .1  
    2303      9113   .1200074  
    5133      9004   .1190047  
   10116     11259   .1409972  
   10497      3813   .1108077  
   13325      8585   .1116592  
   14476      6307         .1  
    3556      8044    .172501  
    4402      8852         .1  
   13782      5134   .0836207  
   13620      2285   .0729427  
    4138      1908   .0234931  
    4138     10983   .0362502  
    4138      6307         .1  
    5279     11259         .1  
   12380      7267   .1261983  
   13620      5047         .1  
    4645      5073   .1135554  
   12546      6307    .149089  
   12895      5134   .2098248  
    4455      3022         .1  
    4455      4839         .1  
    4455      5073   .1910326  
    4455      5691         .1  
   14276      3022         .1  
   14276      4839         .1  
   14276      5073         .1  
    1533     10983    .100095  
    2207      5743   .1100388  
   14380     11535   .2110008  
   13085      5589   .1247281  
    5826     15257   .1400068  
    5608      2285   .1494116  
   12575      2111         .1  
   13308      5055   .6194968  
    3011      7257    .082574  
    3011      7536   .1428163  
    7505      8530   .7731755  
   11949      6730   .1788043  
   12732      5020         .1  
   10902      2230   .0283751  
    7040      7171   .1969258  
    8526     13961   .1401796  
    1695      6066   .2251981  
    5902      6266   .9464695  
   12180      8530   .3403771  
   12274      6266   .0946654  
   12381      8530         .1  
   12381     10243         .1  
    2897     11636     .23834  
    7503      2111   .0107349  
   12180      2111   .6217238  
    1514     13204   .0616819  
   12283     13204   .1051641  
   14186     13204   .2399715  
   10401      5288   .1429254  
    1602      6266   .2550829  
    2222      7536   .3574274  
   12252      8530   .9962213  
   12275      2086   .2132747  
   13282      6730          1  
   13786     10066         .1  
   12181      2846    .055412  
   12759      2846          1  
   12181      4510   .1007752  
   12181      5169   .1693942  
   12275     12854   .1100171  
    3888      6307   .5613741  
    3693     13961   .0482746  
   11930     13961   .0699659  
   13086     13961   .0880528  
    6906      6861   .1815226  
   12351      6861   .1350614  
    5354      4839         .1  
    5354      5073   .0785658  
    8247      5073   .1138218  
   12618      3552          1  
   12618      7544          1  
    8345      5073   .1981741  
    1662      6286   .2787879  
   10001      1789         .1  
   15247      4242          1  
    4672      3835         .1  
    1761      3022   .0251862  
    1761      4839         .1  
    3502      5073   .1099994  
    4672      4839         .1  
    4672      5073         .1  
    5234      3022         .1  
    5234      4839         .1  
    5234      5073         .1  
   14635      5073       .187  
    1761      6307   .2099613  
    9004     11584   .1563669  
    3200      3022         .1  
    3200      4839         .1  
    3200      5073         .1  
    4819      5073   .0721824  
   11618      3022   .1040435  
   11618      5073         .1  
    4819      2285    .046639  
    5508      3022   .0455673  
    5508      4839   .1497006  
    5508      5073   .1207727  
   11376      2111   .1035271  
   13218      1912   .1255465  
   12204      9226   .0245924  
    8226      3022   .1891923  
    8226      5073    .110785  
   12204      6066    .040112  
   12148      5589         .1  
   12148      4199         .1  
   13680     11465   .1258983  
    8197      4839   .2910554  
    8322      5073   .1097956  
   12133     11259   .1642695  
   13680      7154         .1  
    8127      2974    .002041  
   12385      7180        .16  
   12385      5047   .1227241  
   12284      8479    .254224  
    8769      5169   .0840185  
    8329     14620   .1232446  
    2579      4839   .1400014  
    2579      5073   .3164928  
   10218      2285         .1  
   10218      5361         .1  
   10218      7155   .1439462  
    6327      6307   .0359699  
    6327      7544   .0539857  
    8465      6307         .1  
    6327      1594   .0399951  
   12943      6502         .1  
   12943      9359   .1047078  
    3765      6066   .1700108  
    9629      4218   .3641299  
   14462      3022   .0699994  
   14462      4839   .3899987  
   14462      5073   .1899972  
    9837      5439   .0643458  
    5037      5073   .1499982  
   11025      6307          1  
   11025      6307   .3438478  
    8105      3121   .1632051  
   13582      2593   .1440992  
    2888      7155   .3220108  
    2888      7077    .184663  
   10044     11465         .1  
   10044      5073   .2050724  
   11600      3022         .1  
   11600      4839         .1  
   11600      5073   .1562976  
   10044     10301         .1  
   10044      1301         .1  
    8783      1755   .1163931  
   12516      2189   .0470006  
   14529      6531   .0846143  
    1755      5073   .1531315  
    6531      5073    .084653  
    6537      5073   .1330303  
    9188      5073   .0899943  
   12569      5073         .1  
   13351      5073   .1149459  
   24321      5073   .1698254  
    6531      2285   .0201154  
    2541     10867   .1687521  
   13327      2811   .1799995  
    2471      4839   .1510493  
    2471      5073   .2122823  
    5532      4839   .2236614  
    5532      5073    .061105  
    6044      3022   .3315884  
    6044      4839   .0832195  
   10132      4839   .1544153  
   10132      5073   .0721221  
   14014      5073   .1101626  
    8100      5047   .4484553  
    9114     13302   .0535876  
    1574      4961   .6390374  
    8051      8123   .2507081  
   13712      6318         .1  
   13175      5169         .1  
    8179     13632   .2201667  
   11931     11465         .1  
    1012      4839   .1481329  
    1012      5073   .0299905  
    4854      4839   .1450903  
    1651      1164   .1301594  
   12254      4961   .1286105  
   11931      6066   .1405831  
    1331      5047   .1795797  
   11931      5047         .1  
   11462      5073          1  
   11138      6307   .1425256  
   13754      6307   .5937723  
    9981      5073    .087414  
   13313      8939   .0152592  
    5805      4768   .1452321  
   15434      6403          1  
    7953      4864   .1769168  
   11764     13632   .1330647  
   12143      2141         .1  
   12427      5047   .2400071  
   15108      5047   .1708913  
   12497      5229   .4694836  
    4149     11038    .118932  
   17418      8123   .2408717  
   11413      3022   .1938593  
    4625      2817   .0812523  
    2457      3022   .1302662  
    2457      4839   .1568612  
    2457      5073   .3532518  
    4250      4839   .1462234  
    4250      5073   .2014021  
    4607      4839   .2712168  
    4607      5073   .4557455  
    4625      6081   .2300098  
    7324      3022    .259714  
    7324      4839   .3419569  
    7324      5073   .3386948  
    7468      5073         .1  
    4625      3734   .1099951  
    1009      7475   .1500256  
    6841      5496    .389976  
    1009      3022   .1768623  
    1009      5073   .1268648  
    5758      4839   .5471101  
    5758      5073   .2407561  
   11615      5073         .1  
    6841      5046   .2299481  
   11615      2285   .6300015  
   11615      7155   .4020626  
   11615     10983         .1  
   13632     10983   .2988212  
    6841      8972   .1767268  
   11524     11259         .1  
    2872      6066    .309785  
    6589      6066   .3136424  
    6841      2504   .1098525  
    6589      5047    .135998  
   11615      5047         .1  
   13632      5047   .0620254  
    6437     10482   .1100401  
    6953      2189   .2841373  
    7107      2189   .2930236  
    7107      6531         .1  
   13439      3022   .8972721  
    6953      6066   .3892488  
    7762     11259   .1427248  
   13719      9548   .4506122  
    6701      5073   .3446112  
    3650      6081   .1180071  
    1783      4510   .1927117  
    1783      2805   .2017221  
    2794      3835   .2236014  
    5434      2957   .1001739  
    5434      3835   .3679348  
    1754      6307   .2175844  
    7624      6307   .1631758  
    9234      6307   .7471132  
    7624     11259   .1550948  
    5616      2817     .13723  
    5616      6386   .2477764  
    5616     11278   .1938202  
    5616      6116   .1357678  
    5616      5047   .2425094  
    2553      2817   .7697163  
   13569      2817   .2801023  
    6494      5073         .1  
    8018      1048   .3543153  
   10666      4598   .1083846  
    2241      2189   .3900061  
    4574     11627   .1299863  
    4574     11465    .459144  
    1297      3022         .1  
    1297      4839         .1  
    1297      5073   .1788839  
    9556      5073          1  
   12161      3022   .2380277  
   12161      5073   .6376715  
    8035     10519   .5025408  
   13616      6774         .1  
   13194      5680   .2199946  
    4574      6066   .3166938  
    3610      5073   .2667074  
    5181      5073   .1052744  
    6879      7549   .0673183  
    6777      5047    .420732  
    9246      5151   .1857475  
   11206      5860         .1  
   11206      3955         .1  
   11825      8889    .310064  
    6509      7585   .0973049  
    7223      7585   .4204606  
   10740      7585         .1  
    6565      6008   .1273332  
   10740      6008         .1  
   15160      6008         .2  
    1103      3022   .1697972  
    1103      4839   .3962214  
    1103      5073   .4002964  
    1103      6081   .1899769  
    8707      3022   .1520962  
    8707      4839   .1399814  
    8707      5073   .1513089  
   11206      5073         .1  
   11825      5073   .2508124  
    8927      2285   .0199868  
    8927      7155   .0199868  
    8927     10809   .1283321  
   11825     10983   .1446579  
    1696      6066   .2011099  
    1704      6066   .1800003  
    4944      6066   .2053021  
    6911      6066   .2427231  
    8637      6066   .2516204  
    8864      6066   .3799019  
    8927      6066   .2972641  
   10740      6066         .1  
   11206      6066         .1  
   11825      6066   .1936634  
   15160      6066   .1099934  
    9997      5047   .3399177  
   11825      5047    .219802  
   11349      5250   .1465108  
   10777      2817    .145168  
    3885      9947         .1  
    2215      5073   .1299992  
    5878      5073   .0863952  
    8949      3022         .1  
    8949      4839         .1  
    8949      5073   .0968614  
    3885      5046         .1  
   11302      6066   .6489736  
    2375      4839   .1290567  
    6357      3022         .1  
    7822      7155         .1  
    6357      7077         .1  
    7822      7077   .0815288  
    3910      7585   .0896154  
    5621      3022         .1  
    5621      4839   .3985105  
   10741      6307   .1543684  
   12746      7154    .751339  
    3910      6066   .1648589  
   12524      6531   .1589816  
    8195      4194    .180019  
   12524     11465   .0528137  
   12524      5073    .211579  
   10349      5046   .2067639  
   10775     13961   .1102662  
    1692      7585         .1  
   12371      1608   .2668449  
    1692      3022         .1  
   14492     10301    .040059  
   13615      7155   .1899281  
    3314      2146   .1026189  
    5651      2137     .23018  
    3314      2860   .0747537  
   12654     11818         .1  
   10107      6066   .1926207  
   10330      6066   .2665335  
   12371      6066     .26875  
    3314      2504   .1279769  
    3485      2504          1  
    4781      5047   .1207317  
    7123      3955   .0904974  
    7333      3955   .2097769  
    7431      3282   .0899973  
    7431      3485   .1599986  
   12764      3282   .1550373  
   14377      3282   .9003674  
   12919      7431   .0883375  
    1724      6008         .1  
   11139      8643   .1500554  
    6169      7328   .1100015  
    6169      1773    .110003  
    9924      6307   .0584375  
    9924      9943   .1110638  
    1724      7648   .1240112  
    3047      6066    .170002  
    9545      6066    .279126  
   11399      6066    .256015  
   11627      6066   .4198319  
   12764      7648   .1139079  
   12053      6036   .1100027  
   12919     11278   .0716731  
   11139      5047   .0999446  
    6891      2817         .1  
    6585      5860   .3104303  
    6585      8889   .1454512  
    5837      5046         .1  
   11681      7155   .3200115  
    8588      5492    .335438  
    6585      6864   .2417804  
   10431      1773   .1047032  
    8588      7648   .4061309  
    6891      2504         .1  
   13265      1692         .1  
    9582     10553   .0999978  
    6130     11064   .1542359  
    6130      7585   .1141445  
    9582      7585   .0448823  
    3961      5073         .1  
    1779     10301         .1  
    3148     10301         .1  
    4146      2285   .1801897  
    1779      6774         .1  
    1779      5492         .1  
    4146      4668   .0614739  
    3048      4961         .1  
   11948     10980   .1195499  
   13011      6864    .057581  
   13011      6307   .0365113  
   13011      8007   .0200802  
    7640      6066   .2456234  
    3961      5047         .1  
   13914     13087         .1  
    3344      9947   .9348037  
    3986      3955   .1649256  
    7416      9947   .1899972  
    8846     11636         .1  
    6840      4839   .2284729  
    3781      2285    .109001  
   12873      5361    .054171  
    3781      8972   .0843673  
   13914      1900         .1  
    1820      3049   .0878029  
    3781      4961   .0999774  
    3778     14939   .2400061  
    6597     12460   .0238937  
   12472      6307    .286761  
    1616     10639         .1  
    3784      6066   .1898614  
    7335      1878   .3616473  
   12873      6066   .5480947  
    3684     11278   .1528028  
    3784     11278   .1337867  
    3889     11278   .0721785  
    8846     11278         .1  
    7416      2504   .1494872  
   10754      7652   .4503329  
    3781      5047   .0700011  
   12329      5047   .0541386  
   10422     11259   .1403618  
    8334      3708         .1  
    8334      7154   .4927653  
    3370     13961   .8616872  
    3370     11278   .1998038  
   11688      7642   .0985357  
    5253     11636   .2571326  
   11688     11636    .197037  
    5253     10622   .0685227  
   11688     11278   .4579883  
   12255      8479         .1  
    2412      3835   .5767533  
   13408     11636   .1300023  
   13408      6066   .2753762  
   12285     10793    .182442  
   12285      4596         .1  
   13135      7475   .0048367  
   13008      4595   .4323829  
   11221      9965         .1  
    6268      3022         .1  
    6268      4839         .1  
    6268      5073   .1806746  
   13008      3022         .1  
   13008      4839         .1  
   13008      5073         .1  
    6268      6307   .0531928  
   10386      6307         .1  
    7025      9359   .4916244  
   12051      3051   .1103342  
   13611      7154    .063339  
   11130      6066   .1524296  
   11145      9111   .0994582  
    3634      8889         .1  
   11103      4321   .2251685  
   11145      6066   .1290102  
   13373     14642          1  
    1099      6307   .1304944  
    1099      6066   .1812937  
    9965      5288   .1100145  
    3372      7081   .1101116  
    3372     10618   .1150487  
    3372      9234   .1299807  
    4199      4839   .0775351  
   13444      4839   .2913074  
   13444      5073   .2818834  
   14036      7155         .1  
   13444      6066   .1207496  
   11580      5047   .3215399  
    9619      5046   .1018463  
    9771      3022   .0813646  
    9771      4839   .2093311  
    9771      5073   .3137268  
    6937      7544   .1755215  
    8743      6307   .2745734  
   11465      6307   .3779785  
   11466      6307        .11  
   11799      6307         .1  
   12739      6307   .1192986  
   11799     11259         .1  
   11799      2185         .1  
   13745      5680         .1  
   12462      6928         .1  
    5572     11259   .0845004  
   12462      8746         .1  
    6571      4839   .1678773  
    6571      5073   .2256073  
    6571      6081   .1416065  
    9410      6307   .6406192  
   13354      8746         .1  
   14038      9611         .1  
    4299      8889         .1  
    6023      4503   .1349941  
    9715      7431   .0400213  
   11064     11636   .1580689  
    8925      8889         .1  
    7327      8337   .0044414  
   13608      6512   .3600308  
    6023      4839   .1279337  
    6023      5073   .2302897  
    8681      8643   .0663336  
   13047     10453   .1099404  
    3229      1318   .1161379  
    3705     10984   .0952043  
    1013      4961         .1  
    3229      8283   .0069828  
    3705      4961   .1100009  
    3705      6864   .1797201  
    4169     10980   .4160105  
    4292      4961   .4187556  
    6847      8044   .1292053  
    6847      8286   .1059837  
    8681      8044   .1059255  
   10388      2146   .2384615  
   10388      4961   .1636575  
   10388      6864   .0403592  
   10395      8287         .1  
   10420      6864    .020004  
   11064      4961         .1  
   12052      4961   .0544968  
   12052      8286   .0298072  
   12052     10980   .4844929  
    3229      5288   .4473104  
    3275      5288   .1184817  
    4292      5288   .1586073  
    9390      5288         .1  
    9390      6196         .1  
    4123      3552         .1  
    4123      7171         .1  
   12217      6307   .1338239  
    4123      3813         .1  
    4123     11259         .1  
    4123     10639         .1  
    1013      6066   .1531043  
   11058      6066         .1  
    4279      5860         .1  
   13329      3955         .1  
    1037      9216   .3770678  
    3031     14278   .0225592  
    1037      5073   .0887285  
    1281      4839   .0496658  
    1281      5073   .1053084  
    1281      6913   .0265426  
    1281      8253   .0198389  
    7290      5073   .1229917  
    4279     10301         .1  
    3289      5492   .1514897  
    8917      8972   .0700037  
   12924      5492   .1272162  
    1037     10984   .4023789  
    1037      6864   .1841075  
    8917      4961   .0956636  
   10400      4961   .2251253  
   12212      2141         .1  
   12212      4961         .1  
    6608      6066   .1320064  
    8917      2504   .0600064  
    4279      5047   .4967536  
    7268      5047   .1495772  
   11161      8889   .1792925  
   13928      7585   .6100563  
   13923      5073   .2386939  
   13497      7155   .3997082  
   13497      5492   .1689764  
    9308      2574   .1467219  
    9308     10867   .1320541  
    9602      6307   .1341487  
   14834      8007         .1  
   12358      1434   .1220873  
   13185      1434         .1  
    1072      3955         .1  
   12677     11627   .2199556  
    5165      4199   .1236363  
   12677      7585   .0999798  
    2577      5073   .1525559  
   12653      8972   .4783247  
    1072      6066         .1  
    2577      6066   .1701285  
    4283      6066   .1072855  
    9313      6066          1  
    6416     11278   .1993515  
    3938      3955   .1500005  
    5420      3955   .0449984  
   11718     10420   .1616171  
    8365      7585   .1500115  
   11718      7585         .1  
    9650      4839   .1375167  
    1137      5046   .0972845  
   11718      4961         .1  
    1137      6066   .1210923  
    3756      6066   .0717237  
    5420      6066   .0807083  
    8025      6066   .3274497  
    8365      6066         .1  
    9216      6066   .1722226  
    9650      6066   .2307369  
   12945      6066   .4250593  
   13891      6066         .1  
    1264     11278   .1731479  
    5420     11278         .1  
    8365      5047   .1605419  
   11718      5047         .1  
   12945      5047   .0800196  
    2345      4510   .1100074  
    2498      5650         .1  
    5404      3955          1  
    5818      3955   .2952279  
    6529      3955   .0899992  
    9999      3955    .240762  
   11695      9226   .1983123  
    5818      7123   .1300207  
   13412     11627   .0813209  
    4352      2721   .3750661  
    2498      9818         .1  
    7330      6008   .0476527  
   11646      6008   .1256352  
    1707      6774    .647375  
   11907      4159    .183324  
   11695      6045   .1384918  
    7469      1318   .0384751  
   12583      7471   .1100005  
    7469      5288   .0805331  
    2498      6066         .1  
    3969      6066    .127276  
    5973      6066   .1455144  
    6008      6066   .1367102  
    7343      6066   .1099997  
    9598      6066   .2199951  
    9724      6066   .1527561  
   10693      7648   .4712442  
   13200      6066          1  
   11062     11278   .0700004  
   12234      2504   .0852786  
    2345      5047   .0865744  
   13200      5047          1  
    2124      3955   .2512729  
    7960      6856   .0745978  
   10619      8972   .1325475  
   10619      4961         .1  
    2124      6066   .1122363  
    7960      6066    .307746  
    8062      9234         .1  
    7291      5073   .1738505  
    5932      8972   .0988356  
    8062      6066         .1  
    3952     12711   .0682376  
    5070      5860   .1915136  
    1703      3955   .1000008  
    3300      3955   .2582881  
   10361      3955   .1033603  
    3783      5245         .1  
   10361      3282    .179966  
    3214      6169   .2825785  
    5791      9545   .1584774  
   10681      9545   .1698881  
    6956     11636    .623038  
   11408      4199   .1550882  
    6408      6492   .1031614  
   10361      7585         .1  
   14589     14252   .2502453  
    4962      3022   .2036732  
    9922      5073    .117829  
   10681      5073   .1765409  
    4467      7155     .14888  
   10359      7077   .1410026  
    3399      4159   .0388573  
    5992     12360   .1002408  
   12482     10304   .1497462  
   12621     10984         .1  
    6856      6864         .1  
   12621      4961         .1  
   12621      6864         .1  
    3214      6066   .7653016  
    3518      6066   .1000153  
    3952      6066   .7301178  
    4962      6066   .1341587  
    5448      6066   .2185341  
    5791      6066   .4743173  
   10276      6066   .4145699  
   10361      6066   .3226453  
   10361      5047   .2142982  
    7619      2817   .1380071  
    7619      8253   .3946739  
    8862     10453   .1222279  
   13176      2111    .074141  
    9746      6307   .1129796  
    4274      6066   .0292289  
    6205      6066   .2128842  
    8862      6066   .0985026  
   11310      6066   .1612072  
   11645      9545   .0916928  
   13369      7123   .3122042  
   13369      8744   .1804865  
   13609      7123   .2400153  
   11796      9761         .1  
    9919      4510   .3343542  
    4838      4839   .5250801  
    6081      4839         .1  
   11796      4768         .1  
   11796      5680         .1  
   11796      6307         .1  
   11796     11259         .1  
    7045      6266         .1  
    7045      4503         .1  
    4036      2817    .217601  
    4168      2817         .1  
    9742      2817   .0789973  
   10279      2817         .1  
   11915      2817   .0500154  
    1372      5073   .2446333  
    1786      3022         .1  
    1786      4839   .1522941  
    1786      5073   .1931116  
    2343      3022         .1  
    2343      4839         .1  
    2343      5073         .1  
    3734      4839   .1679055  
    3734      5073   .1129176  
    4168      3022         .1  
    4168      4839   .1589991  
    4168      5073   .2339832  
    4475      5073   .1437048  
    4479      3022   .0877441  
    4479      4839   .5235237  
    4479      5073   .1107031  
    4600      5073   .1241973  
    5053      4839   .1499998  
    5116      4839         .1  
    5116      5073   .5496845  
    6482      3022    .948361  
    6845      3022         .1  
    6845      4839         .1  
    6845      5073         .1  
    6946      3022          1  
    6946      3022   .1507673  
    6946      4839          1  
    6946      4839   .3153839  
    6946      5073          1  
    6946      5073    .383081  
    7086      4839   .1060921  
    7086      5073   .2023899  
    7099      4839         .1  
    7873      4839   .4463948  
    7873      5073         .1  
    9300      3022         .1  
    9300      4839         .1  
    9300      5073   .8878427  
    9656      3022   .2139231  
    9656      4839   .3631494  
    9656      5073   .2296835  
    9742      3022    .155393  
    9742      4839   .1814378  
    9742      5073   .3272008  
   10004      3022         .1  
   10004      4839         .1  
   10004      5073   .6534429  
   10195      3022         .1  
   10195      4839   .7374828  
   10195      5073         .1  
   10279      4839   .5442538  
   10279      5073         .1  
   10301      4839   .0577122  
   10301      5073   .0515676  
   10732      4839   .5126818  
   10732      5073         .1  
   11219      3022         .1  
   11219      4839         .1  
   11219      5073   .5553148  
   11261      3022   .1269846  
   11261      4839   .1328379  
   11261      5073   .2184789  
   11915      5073    .493994  
   12525      4839   .1068362  
   12525      5073     .18457  
   13692      3022   .1442142  
   13692      4839   .1418788  
   13692      5073   .3660822  
   14339      3022        .25  
   14339      4839        .25  
   14339      5073        .25  
   14358      3022          1  
   14358      4839          1  
   14358      5073          1  
   14806      3022   .1147583  
   14806      4839   .2998418  
   14806      5073   .5754058  
    8046      5046   .1206926  
    8046      7155   .1373524  
    4475     10983   .1623289  
    2918      5125   .1049998  
    4204      5125   .1222543  
    8822      4839         .1  
    8822      5073         .1  
    2598      5073   .2019082  
   10983      4839   .0302847  
    6926      4475   .0330092  
   10878      2285   .1100061  
   10983      2285   .0306995  
   10983      7155   .0257952  
    6500     10983   .5829649  
   10878     10983   .1100061  
    5567     13204    .084975  
    6926      5047   .4787114  
   10878      5047   .1400077  
   12740      7585         .1  
    1159      2285    .222462  
    2905      7155   .3476681  
    3662      2285   .1166406  
    6530      2285   .0651425  
    9218      2285   .2736983  
    9218      7155   .1399998  
   12740      2285   .1548263  
   12740      5046         .1  
    2905      6774   .0967898  
    9218      6774   .1252218  
    8717      5047   .2589288  
    9218      5047   .0796918  
    1560      6427   .1344618  
    5018     13932         .1  
    5018     11636         .1  
    5018     11465         .1  
    5018      3022         .1  
    5018      4839         .1  
    5018      5073   .0699039  
    1847      5046   .1263807  
    1847      6774   .0454667  
    5018      6307         .1  
    2048      4062         .1  
    2048      8889         .1  
    6628      3022         .1  
    6628      4839         .1  
    6628      5073         .1  
    1216      2898    .096298  
    4420      5361   .1447721  
    5535      2285   .1209734  
    6534      5046   .1462092  
    7985      2285   .0115642  
   12360      2285   .0960145  
   12360      7155   .1144616  
    4420      8972   .1700012  
    9484      4159         .1  
    4776      1914   .3016639  
    4420      6066   .2000166  
    6628      6066         .1  
    9395      6066   .1600029  
    2694      5047   .1112104  
    9097      3760   .1010408  
    9097      3955   .1111523  
    9490     13204   .2787751  
   13413      1081         .1  
    8388      1608         .1  
    8055      4839   .3399057  
    8055      5073   .2201029  
    8388      5073   .2098171  
    9191      5073    .587599  
    9191      5046   .1100169  
   10304      5046   .0169392  
    1824      5492   .3503511  
   12165     11456   .0692985  
   12165     10608         .1  
   12165      5680         .1  
   10377      5589    .102688  
    6532      3955         .1  
    6532      5650         .1  
    3950      4451   .0917042  
   11673     11636         .1  
    3950      7585         .1  
    6532      7585         .1  
    6532      6008   .1499975  
    6532      5073   .0583089  
    4900     10301         .1  
    3950      7155         .1  
   13865      2285    .184874  
    4900     10983         .1  
    7975      7077   .0532118  
    7975      5492   .0532118  
    1872      4961    .064527  
    3950      2146   .1300207  
    4900      4961         .1  
    6532      4961         .1  
   10453      4961         .1  
   11673      4961         .1  
   12463      2146   .2305371  
   12265      6307         .1  
   12265      7544         .1  
    2645      6066   .2900325  
    2891      6066   .1348593  
   10377      6066    .210083  
   11673      6066         .1  
    4900      5047         .1  
    7975      5047   .0532118  
    4349      2827   .0825884  
    3735      3022   .1143386  
    8565      7155          1  
    1693      2111          1  
    8189     13204   .1304635  
    8054      9947   .3388485  
   11694      2721     .16384  
    8719      8862   .1397059  
   14108      7883    .045717  
    7192      3022    .250872  
    7192      5073   .3118233  
    4972     11118   .2593836  
    8719      6499   .1399839  
    6098      4598    .223134  
    6596     10984   .1033754  
    6098      6066         .1  
    2058     15257   .0482729  
   10733      3955   .2359054  
   13630      5073   .3700024  
    5392      7155         .1  
    1652     10983         .1  
   13630     10983   .3400049  
    1652     10153   .0814755  
    5957     10153   .1994453  
    7389     10391   .3725681  
   10733      2504   .0113738  
    1657      9967   .3313559  
   10407      5073    .156397  
   13619     13619   .6726585  
   12766      4981    .766129  
    2219     12244   .1309597  
   13048      5554   .0355976  
    3712      6307   .0749679  
    5017     12681   .5285451  
    5017     11669         .1  
    3916      8331   .0156223  
    5850      5589         .1  
    3935     10622   .0063921  
    5850      5073         .1  
    5850     10301         .1  
    5850      5046         .1  
    5850      5047         .1  
   10550      6266   .3974745  
    8872      2111   .0116128  
    6598     10734   .2377466  
   11051     12376   .1585741  
    7208     12854   .1390042  
    1633      5047   .1294327  
    6039      5047   .1765952  
   13415      5047         .1  
   12481     10983   .1975518  
    6423      6307   .1040067  
   11173     10639    .163906  
   10456      7648   .3300046  
   10456      2504   .1199984  
    7112      5047   .1097197  
   12481      5047   .2908713  
   13545     13833   .1857825  
   13006     14007   .0436587  
   12655     11669         .1  
   13416     11669   .3086734  
   12526      5518   .2799677  
   12526      6307   .1347415  
    7116     10639   .0726389  
   12330     10639   .1763837  
   12526     10639   .1568424  
    3572     11259         .1  
   13694     11259   .1249915  
    4975     10639    .140118  
    5518     10639   .1150012  
    8096     10639   .2265922  
   10608     10639         .1  
   11806     10639   .1000008  
   11971     10639   .2521027  
   13694     10639   .1439995  
    4448      6307   .3402706  
   13446      6307     .15333  
    7443      7154   .1964568  
    6940     11259   .1313838  
   13049     11259   .1000299  
    4692      6307   .0512542  
   10915      6307         .1  
    8484      3955   .1257304  
   12168      5073   .2573586  
    5231      3813         .1  
    5231     11259         .1  
    7875     11259   .1000004  
   13447     11259         .1  
   12168      7154         .1  
   13447     13961   .0325208  
   12168      5047         .1  
   13260      6104   .0327665  
   14857      6104          1  
    4328      2189   .1398555  
    3426      3022         .1  
    3426      4839         .1  
    3426      5073         .1  
    7458      5073   .1054362  
   11415      5073   .1599974  
    4328      2574   .1575033  
   21063      4839          1  
   21063      4839   .1099862  
    2493      6066   .2482289  
   10791      7620    .079602  
   10791      9653    .115692  
   12625      8585   .1466645  
   12331      5848         .1  
    6635      7180         .1  
    6635      9514         .1  
    6635      5589         .1  
   10791      2991   .1069652  
   10791      4503   .6637233  
   13221      4672         .1  
    6635      2817         .1  
    6635     11465         .1  
    4202      3022   .2999786  
    5865      4839         .1  
    5865      5073         .1  
    6635      3022         .1  
    6635      4839         .1  
    6635      5073   .3096702  
   11807      5073   .0521532  
   12169      4598   .1012593  
    6635      6307   .1906713  
    6635      6928         .1  
   12598     11259    .124016  
    6635      9359         .1  
   12331      6502   .1143761  
    6635     13961         .1  
    9566      1848         .1  
    9566      4503         .1  
   13572      2991   .1344915  
    8210      4503   .1355074  
   10571      3835         .1  
   12387      9947   .1567233  
   12387      6169   .5601093  
   12387      7431   .0499812  
   12387     10419   .1299995  
    3722      4598         .1  
    1213      6066         .1  
   11747      2991   .1388191  
    2354      5134         .1  
   10645      2574   .1490953  
   10645     10867   .1255386  
   13240      5073         .1  
   13240      6307         .1  
   14422      6307    .260095  
   13937      5860    .144278  
    5091     10984   .0109009  
    5100     10984   .0058937  
    5101     10984   .0143843  
    5527     10984    .005077  
   10985     10984   .0028667  
   13375     10984   .0345142  
    2137      2141   .0845609  
    2142      6864         .1  
    6012      8287   .4188157  
    7317      6864         .1  
   10427     10980   .1222241  
   13375      6864   .1030293  
   13937      1311   .2715829  
   12206      5073     .30902  
   13449      4961   .2280023  
   13449      6864   .1650431  
   13449     63282   .0200188  
   12478     10984         .1  
   12478      6864         .1  
   12791     11636   .5914962  
    2902      6774   .1360406  
    3273     10984   .0240011  
    3273      6864   .0584699  
    2902      6902   .1683849  
    2902      5047   .1287234  
    5870      4510   .0724512  
    1843      7476   .0163802  
    4103     10970          1  
    9906     15257   .0305946  
    3108      6537   .0351189  
    7837      3955         .1  
    3814      3022         .1  
    3814      5073         .1  
    8099      3022         .1  
    1843      5229   .0073085  
    8099      5229         .1  
    7884      8972         .1  
    6964      2011         .1  
    9906      4241   .0334229  
   10757      1227   .0902506  
    3257      2329   .0000288  
    5330      6066   .1303113  
    4799      5047   .0034262  
    4800      5047    .002948  
    9810      9653   .0256949  
   10896      5743    .087308  
   10671     10862    .203582  
    7994      2803   .1122765  
    9810      1224   .0874159  
   10672      8577         .1  
   10896      4404   .0737483  
   10900      4404   .1247604  
    3130      8248   .0523167  
    2986     10482    .127342  
    7734      2418   .0954588  
    3206      1755         .1  
    5744      5743   .0700182  
    9549      7363    .040257  
    4393      4404   .0000187  
    6310      7433   .0441021  
    3206      1301         .1  
    3198      8248   .6437854  
    6310      8248    .018273  
    3206      6066         .1  
    3206      5047         .1  
    6135      5381   .0078125  
    6135      9652   .0999997  
    8175      7475   .0478867  
    7733      2189         .1  
    6547      3022          1  
    6547      5073          1  
   11236      6307   .0085802  
    8264     11038         .1  
    8810      6266   .0025901  
    3848     10482         .1  
    8264      4503         .1  
    8810      4503   .0102297  
    9194      7475         .1  
    1995      2189   .0119029  
    3033      2817   .0570557  
    9194     11636         .1  
    9857     11465   .0046832  
   12612      3532         .1  
    6825      4839         .1  
    8810      5073   .0037458  
    9194      5073         .1  
   12612      3022         .1  
    2856      6066   .0833081  
    6825      5047         .1  
    9857      5047   .0214673  
    7974     10970   .0161046  
    7974      2189         .1  
    7974      6537         .1  
   10801      2189   .0488131  
   14637     11259         .1  
   11808     24869   .1548694  
    5045      2285    .161997  
   12444      5046   .2959645  
   13781      8972         .1  
   13781      6066   .1091959  
    8093      4199         .1  
   15171      5135   .2960915  
   13757     13204   .4100038  
   11991      7475         .1  
   13208      7475         .1  
   13208      3835         .1  
   11867      4944   .1600087  
   11407      3485         .1  
   13208     11636         .1  
   11867      5073   .2742043  
   11991      5073         .1  
    4411     11259         .1  
    3772      2029   .1768724  
    8213      6266         .1  
    8213      6730         .1  
    8213      2111         .1  
    5554      5412   .0886486  
    5968      2817         .1  
    5968      9771         .1  
    5968     11465         .1  
    5968      5073   .1285859  
   13801      5047         .1  
   13707      5288   .0818851  
   12238      3282     .13282  
   13603      7609         .1  
   13603     12628         .1  
   11318      5250    .099163  
    8222      5790         .1  
   10560      9761          1  
    9292      4839   .1423376  
    7295      5288   .0910458  
   13670      3051         .1  
   14577     11456   .1699666  
    9263      4860   .3918575  
    2167      6307         .1  
   11212      8746         .1  
    2167      1240         .1  
    2167      6802         .1  
   12660      6307   .1033523  
    3482      1609   .0943897  
   13112      8814   .1497548  
   13112      9155    .208683  
    2158      6096   .8958452  
   11510      4875         .1  
    5479      6307         .1  
    2213      9155         .1  
    2213     13961         .1  
    5479     12060         .1  
    9001      4839   .2306661  
    9001      5073   .4807053  
   10592      3980   .0477962  
    8371      6502   .3090607  
    8371      9359    .104723  
   10188      5151   .2743048  
   13209      1240   .1000068  
   14405      4577   .2344104  
   11813      3051   .0400007  
   10182      1240   .3132093  
    9977      7154    .118126  
   10112      1048   .2207792  
    1721     11048   .4373178  
    6629     10581   .2475434  
   13503     11259   .1214752  
    9748      6307   .1124574  
    7321      6531    .011946  
    7321      5046   .0129861  
   13942      7077         .1  
   12849      7116   .2358927  
   13338      6928         .1  
    7570      6307         .1  
   10332     13067   .0420359  
    6252      3851     .04001  
    7186      5073   .1040033  
   14615      6502   .0057755  
    8678      5073   .0590661  
   13638      7328         .1  
    3373      9359         .1  
   10613      7544         .1  
    5645      4839   .1733516  
    5072      5073   .0323038  
   13385      7216     .14956  
    7267      7475         .1  
   12062      1414   .0187396  
   13557      6066   .1549504  
    5553      4839   .1026064  
   11964      5046    .187004  
   11961      8287         .1  
   12974      7171   .0064762  
    2894      4581         .1  
    8498      7903         .1  
    7121      4839   .1124063  
    7130     10690   .1407296  
    8754      4839   .0688259  
    8754      6774   .1095153  
    8754      6066   .1610108  
   12742      1594         .1  
   10504     10482   .0863074  
    5997      7585         .1  
    6661      4975   .1587302  
    8383      6066   .2685636  
    6313      5458   .1287547  
    7426      7017   .3418803  
    4794     11535         .1  
   11341      9359   .3179487  
    1956      4538   .0283644  
   13535      2193   .5932606  
   13510      5047   .1394595  
   11700      6066     .15651  
   11700      4826         .1  
   10460     10490   .1015481  
    1112      5055   .0985506  
    1112      8479         .1  
    1112     13302   .0569969  
    6136     10845         .1  
    5010      6631   .1217949  
    1933      3022   .0599993  
    6136      5073   .3900002  
    6212      4839   .1017137  
    1315      4598         .1  
    1315      6864   .4199955  
    2263      7544         .1  
    2263      6502         .1  
   11879     11099   .0944559  
    2571      6307         .1  
   11879      4079   .1116626  
    5397     11038   .0998922  
    5397     10482   .0801381  
    4273     10301   .0603266  
    8248      2366   .2313552  
    8892      4061   .1516192  
    2538      5073   .1398632  
    9277      2285   .1767046  
    9277      5361   .1043963  
    9277      7155   .1086697  
    8892     10983   .5085822  
    8892      6774    .198977  
    9277      6326   .0751069  
    5074      2817         .1  
   11881      3760   .0600694  
   12142      7585         .1  
    5074      5073   .6925704  
    7227      4839   .3675084  
   14145      4839   .6451784  
   12679      7155   .1299984  
   13831      7155   .1299127  
   12142      5492         .1  
    4421      8308   .1901841  
    1500      6864   .0230082  
    4421      6864         .1  
    1781     11259   .0426073  
    5074      4469         .1  
   11708     11910   .2491541  
   13831      1090   .1480497  
   12734      2193   .2056351  
   12734      6998   .2061617  
    7227      5047         .1  
   11947      4510   .0404319  
   12523      8337   .2089552  
    6046      5073   .0705614  
   11947      5073   .3140732  
   12523      2285          1  
    1634      6066   .1799968  
    6046      6066   .0806944  
   13321      2504          1  
    2520      4503      .3125  
    9310      7476    .093559  
    9310     10482    .373991  
   14404     14456         .1  
    6277      7642   .7100529  
    5996      7085         .1  
   12337      3305   .3160089  
    7643      3955   .1200135  
   12540      1055         .1  
   12337      2721   .0551745  
   12540      3784         .1  
   13421      7585         .1  
   12542      7155         .1  
   13421      2285         .1  
   14404      2285         .1  
    3403      1318   .1114945  
    5996      4961         .1  
    7576      6864   .1980342  
   12542      6864   .3260824  
   13286      2146   .1761971  
   14404      2860   .0799957  
    1795      7328   .0764903  
    6815      7328   .1200011  
   13345      7328   .1119171  
    3277      3813         .1  
    9636      3813   .3875342  
    1454     14528   .1001669  
    1111     10639   .0697945  
    3674     11778   .2623623  
    1958      6066          1  
    1958      6066   .2427979  
    2006      7648   .1047311  
    5996      7648         .2  
    9789      6066   .1279434  
   12913      6066   .3118829  
   13834      6066         .1  
    9787      1795   .1463727  
   12957     11278   .5033333  
   12913      2504    .041539  
   13618     10403   .1378807  
    5943      5458   .1201717  
   10026      5047   .4230449  
   13902      5047   .1100058  
    1904      3305         .1  
    7817      3955   .5131494  
   10229      3955   .2549838  
   14342      3955   .2799892  
   13237      2721   .6645418  
    3773      3755   .1265985  
    1896      5073   .2606641  
    9495      5073   .1277155  
    5143      2285   .2391133  
   10454      5535          1  
   13441     13383   .1122566  
   11720      7647         .1  
   11720      8007         .1  
    7817     12604   .1269841  
   11484      6066         .1  
   13181      6066   .2098421  
   11494      2185   .1100156  
   11946      8496   .1267565  
   11946     13961   .4394078  
    3957      6307   .3849507  
    2322      3022         .1  
    2322      4839   .1422161  
    2322      5073   .1124789  
    9368     23920         .1  
    5612      9653         .1  
    9785      6865         .1  
   25682      6266   .2217368  
    5612     14109         .1  
    5612     10482   .3330004  
   12396      3955         .1  
   12505      3282         .1  
   12505      7155         .1  
    6192      2111   .1499694  
   12456      2146   .3327003  
   12505      4961         .1  
   12505      8044         .1  
   14232      6864   .1475291  
   12396      6066   .5450768  
   12505      6066         .1  
   10660      6531         .1  
    9299      5073   .1099791  
    9570      8479   .1611631  
   10744      2285         .1  
   10744      7155         .1  
    8868      2796         .1  
    8868      6928   .1342095  
   10412      8331         .1  
   12960      9245   .3308302  
   12278      7475         .1  
    6811      3022   .0696101  
   10412      3022   .0243525  
   11823      4839         .1  
   11823      5691         .1  
   13515      5073         .1  
   10998      6901   .2659244  
    9167      6307   .0726092  
   11823      7064         .1  
    8188      5399   .1255459  
   12114      5399   .3099132  
    7831     11716    .091847  
   13230      5047   .1030556  
   10295      3540   .1388314  
   12145     10770    .100839  
    6714      6307    .052045  
    6714     11259   .2074303  
   13425      9359   .4036813  
    8765      5399          1  
   11716     12316   .1399995  
   11912     10770   .6728294  
    3574      2185   .6309589  
   13653      6861   .0243736  
   13190      3051   .3369124  
    8760     12316   .1158828  
   12914      8479   .9090909  
   12914     19661   .0778547  
   12115      8479         .1  
   12115      5691         .1  
    3563     10970         .1  
   13349      9879         .1  
   13631      2991   .0941634  
    9695      4503   .4891566  
    1497      6066          1  
    1884      3955   .0697206  
    1884      3282   .1222446  
    1884      6066   .2120833  
    1884      5047   .1294477  
   12890      1788   .2025554  
   11480      1104         .1  
    5076      5135         .1  
    7995      7544         .1  
   12065      2547   .0932432  
   10719      3022         .1  
   10719      4839         .1  
   11829      5073   .8239618  
   13228      4961   .2063303  
   11829      6066         .1  
   12424     10482   .0725599  
   12431      2991   .1000033  
    8087      8889   .0934169  
    1687      4839    .964112  
    3709      5073   .1492018  
   12480      3022   .0714469  
   12480      5073   .3373185  
    8832      2285   .0820358  
   14160      2285         .1  
    5124      7077   .1440865  
   14288      7077   .1862568  
    1974     10484         .1  
   10623      2159         .1  
    1154      5047         .1  
   10020      5047         .1  
    5118      9560   .8362906  
    5994      1609   .5899449  
    5994     15257   .4300292  
   12276     10873          1  
   12609      3049   .3622129  
    4410      7585   .2716329  
   12582      6008         .1  
    2519      2898   .1646887  
    2519      7155   .1914851  
   13652      8852   .1943873  
   13652      8479   .1499776  
   11950      5073   .1427513  
    6809     11259   .2076998  
    3165     10639    .165134  
   10287      9514   .2342105  
   13896      5354   .2035088  
    8190      4503   .0140383  
    7753      7431    .318711  
    7753      9545   .1821948  
   13956      7585   .1315633  
   11706      5073   .1197637  
    8190      1356   .0499888  
    3218      7155         .1  
    5614      2285   .1147665  
    5614      7155   .0661219  
   13956      5046   .2062611  
   11706     10983   .2182285  
    3218      6774         .1  
    5614      6774    .079741  
   15409      7077          1  
   15409      7077         .1  
    7980      2137   .2201857  
    7980      2141         .1  
    5016      1594   .1796329  
    5458     11259   .1239509  
   13793     11259   .1434475  
   12057      3587   .2391118  
    7818     10779         .1  
    9401      6066   .2115022  
   11706      6066      .4214  
   13610     12316   .1200035  
    1300      4839          1  
