   13155      5680   .1393324  
  111868      5680   .1292166  
   13155     11259   .1174004  
  111025      8290          1  
   19965      8675   .0024572  
    3107     15711        .19  
    3107     29968        .19  
   19565     31807          .  
   14151      2086        .75  
   19129     10621         .1  
   11440      8199   .2600091  
   14793      1440   .1013877  
   14793      9850   .1056088  
   15274      1225   .0242844  
   22150      5135    .405022  
   30730      5135    .120596  
  122915     10447         .1  
  122915     11188         .1  
  141400      4093   .1250869  
  146211      1225   .1500021  
  146211     65092        .18  
    8627     11038   .0660023  
    9022      9653   .1559633  
   12510     22255          1  
   13158      9653   .2999989  
   19311      8627   .3700084  
   22668     11038   .6199999  
   24879     60826         .1  
   25240     25495   .3076193  
   26069     15084         .1  
   31101      9653          1  
   64168     25495   .1452895  
    2437    114303   .1038069  
    2507     15257   .0998108  
    7137     15257   .1380062  
    8387     10482   .1143845  
    8521     10482   .1050269  
    8627      2991   .0045793  
    8627     10621   .0062395  
    8627    114303   .0012779  
    8755     25422   .1533147  
    8838     10621   .4568373  
    9505     10482   .1414142  
    9505    114303   .4848485  
   12044    114303   .2011814  
   12045     10482   .1199484  
   13551      2991   .7170295  
   14923     10621   .1400101  
   22668     10621   .6843259  
   23146     15257    .280007  
   25240     10482   .3401487  
   25351    114303   .1200124  
   25628    114303   .2036109  
   25956     15257   .1004738  
   29098    114303   .1000119  
   29173    114303   .1595157  
   30213      2991   .0888138  
   30400      1848   .0747629  
   62756     15257   .1473887  
  140800    114303   .2599946  
  142540    133870   .0696712  
   62626      5073   .5598361  
   14359     18705   .0099993  
   20064     29044   .2399982  
   27786     29044   .1280157  
   19311      3206   .3899981  
   20064      3206   .1800097  
  208467      3206   .3599944  
   12821      1837         .1  
    3594      4093   .2263458  
    8627      8272    .114336  
    8755      4093   .2106566  
    9505      4093   .1818182  
   15060      8264         .1  
   24879      4093         .1  
   25956      4093   .1238512  
   28229      8264   .1000085  
   29169      8264   .1400003  
   61413      4093        .31  
   62756      4093   .3431061  
   64940      4093   .1072004  
  208467      4093   .1899964  
    7422    116029   .3649414  
   12044    116029   .1399961  
   26069    116029         .1  
    8324      6127   .2200018  
    8341      6127   .1099756  
    8655      6127   .1356014  
   14359     64063   .0200001  
   29169      6127   .1699991  
   31101      6127          1  
   61084     64861   .1054062  
   63607      1121   .2250028  
   64168      6127   .3436202  
   14114     29265   .2200052  
   22668     29265   .1185311  
   61084     29265   .1135268  
    1860    100165   .1343794  
    5581      9653   .0998671  
   10306      7017   .0906642  
   13276     11558         .1  
   29347     11923   .0999968  
   61409      9653   .1560994  
   64876      9653   .1197774  
   65764      2982    .297451  
    2270      2991   .1251031  
    2270      4503   .1223536  
    8357      2991   .0804359  
   10306     10482   .0067266  
   10306     15257   .0101035  
   64876      4503   .1320003  
   64876     10482   .0150006  
   65764     10867   .1200065  
    1308      7366   .1299771  
   64876     14087   .0760004  
   65764      9810   .0800043  
   10306      6127   .0599184  
  102983      9653   .1191589  
   62012      9589   .0069296  
   65221      9589   .3086385  
   12708      9465   .7197911  
   22398     15084   .1092753  
   65006      9653   .1099958  
   65006     13158   .1299999  
   25509      2991   .2699978  
   65006      2991   .1100028  
   22398      4351         .1  
   14182     29878    .087765  
   14182      8762   .3111649  
   65910     15257   .0899998  
   64310     65513   .1373474  
   24954      9673   .0122588  
  112778     10970   .0090258  
   25160      6081    .046765  
  143710      5047   .2100008  
   63495    114303   .1799992  
    2497     13683          1  
    2497      2146          1  
    2497      2146   .0951202  
    4115      4961   .0619103  
   14337      8818   .0057785  
   63495      4093   .1099998  
   65881      5073          1  
   65881     17828          1  
   65273      2285   .0750932  
   17209      3502    .031178  
   24749      7585         .1  
   24749      3022         .1  
   24749      4839   .0119158  
   17209      2146   .0950052  
   17209    143972   .1447741  
   63010      1485   .4822759  
   24749     63282         .1  
  138904     66704   .1100072  
   66446     65092   .0451289  
   11713     11259   .2033075  
   12409     11259   .1790001  
   12785      3708         .1  
   12785     13092         .1  
  125154      1240   .1300003  
   14382     29028   .6258503  
   11424     12409   .2294207  
   66643      2663   .0750712  
    5111     61581   .1079768  
   25362     10247   .1000053  
   10899      6502    .340453  
   64102      9359   .1003687  
   29434      9359   .1252887  
   66016      2562   .0995479  
   11748      5134   .1659612  
   11748      7180   .1073785  
   28701     11259   .0704586  
  106189     11259   .5301724  
    4809     11535   .1133745  
   13830      6502   .1439738  
    9113     11259   .1166223  
   31427     11259          1  
    5597     11259   .1369658  
    8336     11259          1  
    8336     11259   .1425589  
   29594     11259   .1199852  
  110330      4016   .0777571  
  110330     31587   .0490129  
    8336      8815   .0489679  
    8336     11535          1  
    8336     11535   .0531951  
   62037     25434   .2711076  
   10091      8852   .1146795  
   65570      2562   .2668781  
   24991      8530   .0142062  
   28877      4503   .1860021  
   25828     10247   .2029673  
   65570     10247   .1969195  
   64760     10190         .1  
   31474     25283   .1009835  
   29342     29028   .4900006  
   29342      9359   .0641712  
   64760      9359         .1  
   31474     13506   .1935371  
   26023     13099   .1679993  
   62836      6266   .1975605  
   62836      8762   .2100001  
   13417      2817         .1  
   25762      5073   .0776889  
   30169     10301   .2758335  
    3622     11259   .1692096  
    9963     11259   .0983818  
   62898     11259   .1199986  
   65141      4990   .1680954  
   25227      4993   .1000012  
    5442    114303   .0048157  
   30883      6307   .1525666  
   30883     11259   .1292206  
   63925      3813   .1351889  
   30883      4990   .1678265  
   27923     14007         .1  
   30884      3964   .0780518  
   30884     13380   .0619921  
   30884     62915   .0940044  
    9293     11259   .1905947  
   11319     11259   .1947277  
   30884     11259   .1439976  
   30884     29264   .0829949  
   27923      7922         .1  
    4001      5680   .1052693  
   66360     61060   .4786167  
   66360     63447   .1366734  
   66360     10215   .1044792  
    5505      3964   .1800001  
    6768      3964    .145254  
    6768      7127   .1600001  
    4993     11259   .8118072  
    6214      3813   .0946919  
    6214     11259   .1253069  
    8219     11259   .1027285  
   19402     11259   .1580866  
   23062     11259   .3203541  
   23577     11259   .3997971  
   29125     11259   .1420311  
  109082      3813   .1399983  
  109082     11259   .1140018  
  111530     11259   .2402427  
   29125     10639   .0670941  
    8219     12631     .10075  
   64891     13990    .011807  
    9382      3964   .1416689  
    9382      6307    .182929  
    9382      7127   .1599992  
   25987     25283   .1047444  
   28303      6307   .0902938  
   62225      3964   .3799928  
   62225     13380   .1099951  
    5456     11259   .0282179  
   11060     11259   .1127131  
   28303      3813   .0934739  
   31733     11259   .6056521  
   65708     11259    .250408  
    6376      6307   .0686419  
   11626      6307   .1100037  
   12450      3964   .3162646  
   12450      7127    .100002  
   21950      6307   .1322498  
   29806      7127   .1400008  
   63447      3964   .0659371  
   65126      3964   .1697701  
    6376     11259   .0896917  
   11626      3813   .1100037  
   18701      3813   .0309997  
   18701     11259   .1430013  
   27843      3813         .1  
   28450     11259   .1568069  
   61060      3813   .1239993  
   61060     11259   .1140003  
   64509      3824   .0446408  
   65461     13990   .2500039  
    9402      6307   .1148746  
    9402     11259   .1853627  
    3833      2916   .1356135  
    3833      4768   .2150738  
    1278     11259   .1347089  
   27957     11259   .1873178  
   28676      3813   .1400001  
   28676     11259        .11  
   29156      5680   .2173187  
   12379      5680         .1  
   12379      6829   .3588329  
   65928     11259   .2093741  
    9259     12474     .03483  
   22049     11259          1  
    6433    100528   .1629345  
   16477      4839          1  
   16477      4839   .2458981  
   16477      5073          1  
   16477      5073   .2718016  
   16477     17828   .1339583  
  144795      4839        .18  
  144795      5073        .13  
  144795     17828        .35  
   25164     64690   .2299988  
   25164      2285   .0899979  
   30200      6435          1  
   11315      6104   .1094522  
  111869      4049   .1099969  
  128978     10443   .0090712  
   64180     62491   .1699987  
   63192     15521   .1331907  
   28834      6307   .0311218  
   14470     11259   .1820833  
   27755     11259   .1961955  
   28834     11259   .0587908  
   28834     29028        .05  
   22991      6502    .128163  
   28834     10639   .0622529  
   31352      8479    .320002  
   23491    100095   .2000385  
    7260     11259         .1  
   64176     63919   .0655243  
   12515      3813         .1  
   12515     11259         .1  
  112880     28924   .1351916  
  112880     31849   .1112607  
   12515     10639         .1  
   61717      6266   .5284016  
  109762      7267   .0999888  
  109762    114628   .2400123  
   61400     15521   .2402491  
    5161     11535   .1398666  
    2785     28924   .1396183  
   25017     15521   .1327396  
   25017     11259   .2670544  
   12546      6307   .3051679  
   12895      5134    .118446  
  121233     62865    .057229  
   15027      8247         .1  
   15027      9667         .1  
   15027     15426         .1  
    4371      4839   .1786219  
    1533     64690   .1780735  
   25033      7250   .7700322  
   24852      6266   .5597015  
   64906     28197   .1388748  
   21986      9643   .4008439  
    5811      6266         .1  
    5608     14834        .14  
    5608      2285   .2053177  
   31689     14446   .3896255  
   20194     63478   .1319178  
   66073     11259   .1298779  
   66073     26905   .5501894  
   63005    140760   .1050199  
   24710     64745   .8433305  
   61980     64745   .6492537  
  127384     64745         .1  
   24106    100080   .2467804  
   24473    100049          1  
   29252    100080   .2832272  
   62826    100080    .438759  
    1359      8530   .1229672  
    1902    112968    .272201  
    3011      6266   .1471254  
    3011    101310   .1633034  
    5888      6266          1  
    8333    124555   .0899956  
   13765     27998         .1  
   14290     15708   .3668531  
   14918    101310   .1026921  
   15446      6730   .3058912  
   15446    101310   .1400302  
   17764      1359   .1870208  
   19069      8530   .5486869  
   20983      3011   .0221034  
   20983      6730   .0147356  
   23812      7257   .2898635  
   23945      3011   .1858254  
   24040      7257   .0995635  
   24040    101310   .6500154  
   24106     15708   .3522451  
   24220      9459          1  
   24302      5020   .3317609  
   24302      6266   .4140489  
   24344      6730   .1845849  
   24843      6266          1  
   25937      6730   .4338926  
   27793      8530   .0256835  
   27793    101310   .0158514  
   27998     27998   .4921565  
   29252      7257   .1944467  
   29955      4843    .497902  
   30546      2403   .0400239  
   30546     28272   .1800329  
   30546    101310   .4199522  
   61366      3011   .1453911  
   61980      7257         .1  
   62535    101310   .1853568  
   62860      6266   .2840413  
   62860      8530   .4028094  
   63005      8020   .4528986  
   63030      2403    .693902  
   63866      7257   .2248683  
   63866      8530   .0548847  
   65944      6266   .8951508  
   66616     11288          1  
  113533     24782   .1099928  
  133468      8530    .340049  
  133468    101310   .3399377  
   24068     65011   .1486989  
    1359     65420        .12  
    4245     64010   .1010058  
   62535     24468         .1  
   23812      8762    .602916  
   65893      8762   .2199742  
    5888     61567          1  
   63005      3532   .0544474  
    1902      8213   .0993998  
    1902      7171   .1149966  
    5020      2169   .1494004  
    6315      7171   .0962005  
    8333      2169   .1100044  
    8333      7171   .1153216  
    8530      7171   .1131072  
    9459      7171        .11  
   12382      2169   .1800006  
   12382      2751   .1599997  
   12580      2751   .1099902  
   13365      7171   .1240539  
   21186      7171    .206006  
   24473      2169          1  
   24473      2751          1  
   27845      2169          1  
   27845      2751          1  
   63084      2169   .1399789  
   64542      2169   .2141442  
   64542      2751   .1990644  
   65252      2169          1  
   65252      2751          1  
   65252      7171   .0001714  
  109185      2169    .217918  
  109185      2751   .1683912  
  109185      7171   .1206524  
  112033      2169   .1023673  
  112033      7171   .1054823  
    2085     11259   .0603211  
    2950     11259   .0770376  
    8530     11259   .0070339  
   24782     11259   .2303323  
   28469     11259   .2419001  
   31229      3813   .1715481  
   31229     11259   .8640577  
   63990     11259        .12  
   64708     11259   .0549502  
  124555     11259   .2839901  
  124555     29028     .10413  
   63990     26905   .2000006  
   24850      6502         .1  
   61940     29854   .1759922  
   31229      9155   .2008368  
   62784    140760          1  
    3171    100080   .0300246  
   12180    100080   .0761318  
   12479    100080   .1003899  
   25514    100080   .1898396  
   62784    100080          1  
   65011    100080      .2066  
   12180      8530   .2132866  
   12274      4245   .0640777  
   12381     30938    .545302  
   29312      7257   .0724598  
   31459      6266   .1398986  
   61414      1078   .1742738  
   62784      6730   .8328601  
   63442      6266   .0025104  
   64375    101310   .0296864  
  133868      7257   .1199822  
   27973    100423         .1  
   61448      4162          1  
   12274     65872   .1599714  
   12479     12233   .3051512  
  133868    145228   .2300549  
    7526      2111         .1  
   61271     10972   .3809524  
    7503      6096   .3978096  
   12274      6096   .1599714  
    5798     13204   .1265746  
   64375     13204   .8000121  
  124556     63619   .1795051  
   12915     24184   .3116124  
   30255     18729   .4782147  
    7936    100080   .3873951  
   21659    100080          1  
   30674    100049   .5745895  
   60875    100080   .4222263  
   65703    100080   .2146508  
  111492    100080   .5435039  
  133885    100080   .4099905  
    2646      4245   .2398453  
    2646     30451   .3500288  
    2846      6730    .788773  
    3116      7257   .4774533  
    7936      2086         .1  
   12252      5020   .3152088  
   12397      8530   .0383495  
   13282    101310   .8253549  
   15178      1078   .1597542  
   15178      6730   .3498377  
   24699      7257   .7511791  
   24881      6266   .0691568  
   24881      8530   .0823501  
   24881      9459   .8860458  
   25121      6730    .908146  
   25458      8530         .1  
   25458    201088         .1  
   27920      7257   .3780923  
   27920      8530   .2053963  
   30236     24454   .8700351  
   30281      1078          1  
   30645      5020   .0440357  
   30742     15708         .1  
   61723      6730   .5151529  
   61723      7257   .1020731  
   62382     11288   .2700253  
   62632      3011   .3933977  
   62809    101310   .9094611  
   62838      6730   .0593909  
   62838    101310    .322204  
   62921      6730   .3105664  
   62921    101310   .4207466  
   64327      2086   .8230554  
   64412      6730   .0615191  
   64515      6266   .9947665  
   65404      6730   .3106803  
   65404      8530   .5363217  
   66698      5020   .0440148  
  133328     11040          1  
  133885     11040   .5399619  
  138781     11288   .7099167  
    2646     65872    .160058  
   24191      2846   .4030633  
   26034     24468   .4682356  
   27920      2846   .3716216  
   28563     12233   .1099971  
   63996     24468          1  
   66698     24468   .1237297  
  138341     24468   .4377245  
   26034     10115   .3846902  
  138341     10115   .4275346  
   27920     25279   .1858108  
    1602      2169          1  
  143216      2169          1  
   60813     12745    .933504  
   61142     11259   .1208734  
   63500     11259   .1728831  
   66108     11259   .1721288  
   25959     12239   .4199183  
    3121     11259   .1277593  
    8073     11259   .1100095  
    8073     29268   .1537247  
  128438     11234       .075  
    3693     11259   .1700019  
    3840     11259   .2318676  
    9521     11259    .173814  
   11930     11259   .2794677  
   23133     11259   .1010313  
   28004      3813         .1  
   28004     11259   .1104954  
   61763     11259   .1199913  
   62290      3813         .1  
   62290     11259   .0741962  
   62918     11259   .1771998  
  123754     11259   .1310912  
   28004      1240         .1  
    9413      9155   .1316179  
   28004      6802         .1  
   28004      9155         .1  
   11096      6829   .0714256  
    4462      9653   .1026494  
   14885    100080   .0139461  
   14885     65350         .1  
   10244      8530   .3813881  
   15110     14124   .0715775  
    4462     10482   .1374027  
    4462    114777   .1208928  
   24205     62685   .0728463  
   22139      3955   .0639296  
   22139      6066   .1536491  
   22139      7648   .0443114  
    1244      5250   .5369942  
    1244      5073   .0035921  
   20185      5680   .1048636  
    2593      4061         .1  
  133726      6008   .2797595  
   29511      2285   .0617781  
   63225     10787   .3144654  
   63225      5420   .3123543  
   63225     30247   .1096634  
   63225     10453   .3741259  
    2991     25495   .0499103  
   27855     21429    .097982  
    5667     10621   .1729975  
    5903      4503          1  
   11257    125134   .1236444  
   13259    114303   .1900123  
   14978     25422         .3  
   16473      2991   .1051041  
    8853     11259   .1899996  
   62685      5680   .1099997  
  146332      1356   .3120012  
    7906     11584         .1  
   11618      5073   .1004883  
    3200      2285   .1667619  
   15351      6066   .1269987  
    5508      3022   .0837941  
    5508      4839   .3345982  
    5508      5073   .4116088  
    8648      5073   .3097219  
   11376      2111   .1150901  
   30212     10867         .1  
   29234      8213   .1788098  
    9921     14854         .1  
    9921      3835         .1  
    9921     10618         .1  
    9921      2255         .1  
    9921     17828         .1  
    9921     10443         .1  
    9921      4768         .1  
    4463      2285   .1358563  
    9921     14477         .1  
    6431      3813   .1257409  
    6431     11259   .2996047  
   66440     11259   .1053595  
    6431     10639   .1901637  
   24105     21487   7.63e-06  
   15459      8762   .3047253  
   13409      9818   .1848367  
   13680     11465    .139446  
    8197      4839   .2755479  
   14854     11259   .1199999  
   29008      6268   .0598857  
   29341      6268          1  
   61462      6266   .2269635  
   12467      9280   .2432723  
   31732      6268   .1800136  
   65360      9818   .6996816  
   26592      7585   .1604167  
   29904     23671   .1911416  
   63195      9216         .1  
   14794      6081   .7814579  
   21701      2285   .0130065  
   61462      2111   .7571456  
   21701      4961   .0072647  
   21701      8287   .0116235  
   63195    210216         .1  
   63195      3226         .1  
   63195     31448         .1  
   63195     61464   .0617564  
   63195     66704         .1  
   62072     12239   .5464678  
   30843      8213   .2095987  
   21701      5772   .0024862  
   14883      3813   .0987515  
   14883     11259   .1953033  
   28964     11259          1  
   62218      1240   .1550651  
   62218      9359   .1440294  
   63548      7154   .1291966  
   29904      6066   .0631722  
   64955      6066         .1  
   62262    100080   .2762249  
   10215      7127   .1400021  
    2061      6307   .1000034  
   29382      7127   .1038503  
   30193      7127         .1  
    2061     11259    .217094  
    7179     11259   .0632554  
   29382      7922   .1637509  
   22205     11584   .2312916  
    9932     62553   .1534396  
    9932      3532         .1  
   12246      1663   .2899998  
   14462      3022   .1999996  
   14462      4839   .2565246  
   14462      5073   .0700002  
   14462     17828   .2000002  
  124074     11259   .1559695  
    8105      3121   .1558599  
  127575      1704   .2199989  
   13582      7585   .6299847  
   63187      2285   .1899888  
    8105     11259   .1629764  
    2888      2555   .1100118  
   63187      5047   .3100112  
    4498      8101   .1050368  
   11600      5073   .0941931  
    7777     10301   .1475411  
    7777     64690   .0958167  
   15711      1988   .1133519  
    6531      5073   .0749692  
   24321      5073         .1  
   29954      4839   .3610645  
   29954     17828   .0999998  
   29968      4839   .0772187  
   29968      5073   .1386038  
    8859     64690   .1300001  
    6424      6307   .0311078  
    4364      5047   .1356877  
    6797      4903   .1029994  
   30557      2817   .0625301  
    6044      3022   .1799997  
    6044      4839   .1415381  
    6044      5073    .051578  
    6044     17828   .1709997  
   30557      4839   .1009608  
   30557      5073       .025  
   30557     17828   .0320004  
    6044      3734   .0560004  
    6044     10301   .0459997  
    6044    136648   .0840001  
   30557      3734    .055439  
   30557      9742   .0260005  
   30557    100528   .0689998  
   64538     11615   .1811781  
    8051     64198   .1099956  
   13712      4839   .0999993  
   62984      2285         .1  
   64538     66300    .110001  
    8051      6774   .0543204  
   63769      4961   .1472626  
    1331      2189   .0204389  
    1331      2146   .0746236  
    1331      4961   .0791653  
    1331      8044    .082809  
    4854     31551   .2547128  
   61314      8253   .0711266  
   61314      2285   .1012077  
   64389     16603   .1518102  
    1988      8479   .1320077  
   63593      5680   .2408034  
   63593      6829   .0406617  
   64964      6307         .1  
   24099     11259   .1673209  
  133367     11259   .1350003  
    7085      5680    .098562  
   65572     29022   .0318935  
   65572      6307   .0631179  
    5987      8762   .1113589  
  137170      5680   .1826586  
   12497      3835         .1  
   12497      2817    .790001  
    9332     14834   .0558616  
    4607      4839    .459799  
    4607      5073   .2000029  
    7324      3022   .1899891  
    7324      4839   .4001739  
    7324      5073   .3368755  
    7324     17828   .1499924  
   64727      2285   .2103941  
   64727      5047   .0731021  
   64121    100039   .1148538  
   28518      5073   .0863055  
   29073      3022   .1099991  
   29073      5073    .398635  
   29073     17828   .2300022  
   30598      3022   .1900004  
   30598      4839   .4111526  
   30598      5073   .1070722  
   30598      5691   .0300001  
   30598     17828   .2900001  
  117881      3022   .6599997  
  117881      5073   .2500005  
  117881     17828   .6399989  
    6841      2285   .1245982  
   11615     10983   .0859501  
    6841      6774         .1  
   29395     10867   .1251042  
    2872     11259    .131353  
   11615      5047   .3037417  
   13439      3835   .1696906  
   64198      8123   .0328357  
   23220      2285   .1199576  
   23220      6774   .1998143  
   10124     24978   .2221098  
    7762      3813   .1200031  
    7762     11259   .4436178  
    9043     11259   .1995253  
  121573     11259   .1910196  
   61575      2086   .1209113  
    8964      2817   .1274266  
    2521     11636   .0658751  
    7245      8960   .4401915  
   61575      6008   .0412581  
    8964     17828   .2042974  
    6507      2817   .0799997  
    3650      3022        .08  
    3650      4839        .04  
    3650      6081        .05  
   28981      6081         .1  
   28981      8253   .1950002  
   28981     17828        .35  
  137373     11506   .2799522  
    1783     30383   .3584924  
   14954      3835         .1  
   28295      3835          1  
   14954      2817         .1  
    1754      5680   .1016833  
    1754      6307   .3081034  
  146196    141400   .1157189  
   62221      5073   .1322003  
   65671      2991   .1499987  
    1706      6066         .1  
   10666      1230          1  
   10666      1230   .1800929  
  124040      2255   .2280034  
  124040      6972   .1009987  
    1297      3022         .1  
    1297      4839     .01388  
    1297      5073   .2648907  
    1297     17828        .44  
    9556      3022          1  
    9556      4839          1  
    9556      5073          1  
   63109      3022         .1  
   63109      4839   .1400111  
   63109      5073   .2700056  
   64455      3022    .404827  
   64455      4839   .1553279  
   64455      5073   .2340463  
    1297      6946   .1300017  
    8229      5256   .2002571  
    2255      5680   .1369242  
    8229      5680   .1010044  
   10016      5680   .1291507  
    8229      6307   .3408889  
  124040      6307    .582993  
   62707      9778   .7271481  
   31477      6565   .1355835  
  205131     28258   .1066284  
   11124      9545   .1138686  
   11124     24608   .0730633  
   31483      9545         .1  
   61587      9545         .1  
  126414      9545   .3100055  
   63600      2721    .207794  
   30710     10622   .0299883  
   31483      9818         .1  
  144437      9818   .1500338  
  144437     10622   .5300237  
    9718      7585   .1299996  
   29918      7585    .109997  
   31483      7585         .1  
  137602      7585   .1059992  
   15331     17110   .1557505  
    1704      6008   .0953464  
    6509      6008   .1353167  
    6565      6008   .1199997  
    9718      6008   .3839667  
   10740     10499   .1611752  
   15160      7343   .1100141  
   15293     10499   .1300039  
   15331      6008   .1300028  
   25662      6008    .436368  
   28502     31142   .1899996  
   29918      6008   .1453046  
   30781      6008   .2770816  
   31483      1161         .1  
   31483      6003         .1  
   31483      6008         .1  
   31483     14256         .1  
   31483     31142         .1  
   31483    116526         .1  
   31483    209341         .1  
   31807      6008        .25  
   61257     29386   .1100046  
   63066     62824   .1426987  
  137602     10499   .1049999  
  137602     31142   .1589989  
   61405     13369   .0964233  
   30068      4839   .1090076  
   65887      5116   .1499972  
   61587      6774         .1  
    1606     21777   .1230841  
    9718      6066   .1916481  
   11124      6066     .09669  
   15293      6066   .1446798  
   21488      6066   .3381788  
   28502      6066   .1399976  
   31483      6066         .1  
   63066      6066   .2226892  
   31483      7652         .1  
   31483     18467         .1  
   31483     62599         .1  
  144437     18467   .1900372  
   61257     19349   .1500066  
   63066     19349   .1330116  
   66022     19349   .2051256  
   11349      5250          1  
   11349      5250   .1574414  
   11302      3835   .7428536  
   10777      2817    .110002  
  106384      6207   .1079999  
    5578      1704   .2900014  
   11302      1567   .0049683  
   11302      6066   .0537407  
  106384      5047   .1205985  
    5860      4839   .1596421  
    5860      5073   .2578833  
   29894     11749   .3699969  
   64364      4839   .1289596  
    7822     10519   .1153846  
    5621      4839   .4632781  
    5621      5073    .126609  
   62268      5680   .1121763  
   10741      6307   .0820107  
   62268     11259   .1013901  
    8934      1072   .1300569  
    8934     66450   .1099018  
  126722     11259   .0724514  
   29791      3955   .0555631  
   29791     18467   .1405566  
   65705      5650   .1061664  
   65705     20779    .475792  
   28078      6008   .2016592  
   64507      6081   .1163019  
   62975      6774   .1967998  
   64663      6774   .0812146  
   62975      5492   .0659399  
   62975      8972   .4869589  
   65705      7471   .1692623  
  132502     12171   .0745974  
  132502     63919   .1278805  
   28078      6066   .1499901  
   65705      6066   .1899956  
   10107      7652   .2225854  
   64408      3955   .1399926  
   64462      3955   .1393015  
    7123      3282   .2099999  
    9545      3282   .1186541  
   11399      3282   .1400001  
   16729     12136   .1100001  
   64408      3282        .25  
   64462     12136    .139133  
  124014      3282          1  
   24608      7123   .2167702  
   24608      8867    .118451  
   24608     11399   .3700011  
   62377      6169   .2169979  
   62377      7123      .3516  
   62377     11399   .2994729  
   64544     11636   .0600011  
  114202     23767          1  
    6169     63919   .1498958  
   16729     63919    .140001  
   24791     63919   .1600026  
   28538     63919   .2310114  
   63644     12171   .1686842  
   63644     63919   .2467884  
  134384     63919         .1  
  134384      1919         .1  
  134384     29028         .1  
   24791     24779   .0300025  
  134384     25983         .1  
    7123      6066   .1499999  
   10097      6066   .0902936  
   11399      6066   .1299994  
   14250     12679   .1509893  
   16729      6066   .1594775  
   64408      6066   .1279875  
   14250      6036   .0529252  
   14250     60951    .109939  
   28433      2504   .2255591  
  133949     30639   .1700114  
   61027      7585   .4390584  
   61027      8972         .1  
   10431     11407         .1  
   25342     12171   .1500046  
   25342      6066   .2785022  
    7640      3955    .230004  
  120774      3760   .1400017  
  125525      3760   .1100047  
    7640      3282   .2500037  
    9311      3282   .6353883  
   15354      3282   .1063591  
   27903      3282   .1199998  
   61903      3282   .1299914  
   64397      3282   .4638175  
  119574      3282   .2100174  
  120774      3282   .3399959  
  120774     13315   .0999971  
  122138      3282   .0579228  
   29659     20779   .1000055  
   61531     10553   .0449143  
   63489     20779    .149988  
  110100     24357   .6339566  
  119574     10553   .2500106  
  124174     10553   .0999853  
   29436     65676          1  
   29436     65676   .2799935  
   63744     11636   .4815783  
  122156     10422   .4635974  
   29241     64356   .1139001  
    9311      7585   .1112696  
   29119      7585   .6143731  
  120774    138607   .1173901  
   28253      6008   .1454801  
   30131      2285   .4992033  
  138921      2285   .1099968  
   61903      6774   .2300085  
   29241      6304   .1139001  
   25786     63117   .5083732  
   29659      6864    .159249  
   64186      6864   .2500033  
  142390     12484   .0654793  
  120455    120278   .3699866  
   10553     12171         .1  
   10553     63919   .3862357  
   14537     12171   .1193963  
   16710     12171   .1217973  
   16710     63919   .1530973  
   28147     12171   .1400031  
   28147     63919    .131114  
   28316     63919   .2281711  
   29079     63919   .1045419  
   61752     63919   .1483902  
   63053     63919   .1428619  
   65586     12171   .1346562  
  122099     12171   .1499992  
  126322     63919   .3399867  
   14537      6829   .1335953  
   14537     11259    .164067  
    1822     60881   .3800483  
    4340      6066   .1119946  
    5869      6066        .51  
    9311     12679   .0050368  
   27903      6066    .170541  
   61531      6066   .1526335  
   62372      6066   .1932153  
   64186      6066   .1400039  
  120455    119477   .2799961  
  142390     62391   .0284711  
    7640      7652   .0799997  
    7640     18467        .06  
   25786      7652   .4024697  
  120455     62599   .2299974  
    7640     19349   .1599988  
    3781      3955   .1079955  
   31532      3282   .0756986  
  125276      3282   .3368274  
    9511     30034   .2502792  
   30031     24357   .2966019  
   25774      2721   .6456032  
   25774     11636         .1  
   30031     17110    .077656  
    3781      6774   .1823168  
   23067      6774   .1499969  
   25774      9135         .1  
   66447      4598   .0951545  
    3781      4961   .1250223  
    7336      6864   .0548663  
   66447      6864   .1269612  
    8846     63919   .1128906  
   21684     63919   .1100057  
   25773     63919   .1099998  
   30946     63919   .1850023  
   61684     63919    .111488  
   63684     63919    .119993  
   65416     15521         .1  
   23282     11259   .1699875  
   63684      2184   .1299924  
   65416      2184   .0462845  
   65416     65499    .381863  
    3684      7648   .2906547  
    8759      6066   .2810748  
   31857      6066   .3704603  
   61552      6066   .0413074  
   61684      6066   .0179702  
   63520     25807   .3037446  
   64171      6066         .1  
   28064      9682   .0651815  
   12329      5047   .0045117  
   63890     29910    .159943  
   63890     24779    .159943  
    8334      7154   .3402205  
    3946      6066   .0906439  
   28780      6066   .3130802  
   28780     18467   .1476793  
    5253     11636   .2213254  
    5253      7114   .0177283  
   15761     11259   .2408156  
   27894     11259   .1679984  
  145973     63278   .1410012  
   12051      3138   .1247921  
   12051     28895   .0140018  
  145974      1651         .1  
    6268      3022   .1046963  
    6268      4839   .1646963  
    6268      5073   .1206074  
  145974     11537         .1  
  145974    120444         .1  
   21542      5680   .0799988  
   10386      6307   .0892846  
   21542      3813   .0844002  
   21542     11259   .1923145  
   13611      7154   .1469328  
    5519      3022    .099969  
   12581      2817         .1  
  138901     24870   .1606862  
   12581      6066   .0380433  
   12581     19349   .0172905  
   10382     11636   .1391578  
   63694      5073    .141801  
   61300      1209         .1  
   29146      3282    .106527  
   29146      6169    .637957  
   60992     10499   .1800001  
    4199      4839   .0503054  
   25918     10301         .1  
   14565     63919   .1000563  
   29146      6066   .2017027  
  146194      6066         .1  
   11580      5047   .1647414  
   30122      6565    .149997  
   14913     15521         .1  
   14913      2184   .3670389  
   11465      6307   .1823473  
   24382      3813   .1220819  
   24382     11259   .3510507  
   11531     11259   .1586112  
   25015     11259    .270002  
   25046     11259   .2699994  
   25326     11259   .2600002  
  117178     11259   .1783394  
    2975      4839   .0798973  
    2975      5073   .1155315  
   14457      5680   .2453604  
   24969      5680         .1  
   24969     11259   .1440392  
   21427     10331   .0339802  
   61690      5047   .0595481  
   12898     29345   .5352321  
   19818     31142   .3052527  
   12788      3022   .1212881  
   15135      3022    .962046  
   27828     61464   .1137091  
   11678      6307   .1057865  
    3547      3813         .1  
    3547     11259   .4957567  
    4322      3813   .1532664  
    4322     11259   .4937411  
    8990     11259    .167969  
   22373      3813   .2998966  
   27828     11259   .1300005  
   30964      3813   .4601344  
   11678     65499   .1481577  
   12356     11974   .0922364  
   12356     65499   .1429751  
   30964      2184   .1435903  
  122678      2184   .1990007  
   14554     13506   .0880816  
   30964     21491   .0717428  
   19818     61401    .524659  
   62804     29345   .3999983  
   62804     11910   .1300062  
  129467      5650   .2901961  
  110766     10553   .1600102  
  120860     20779         .1  
   29350     66662   .1200013  
  112874      1013   .1399991  
  112874     10388   .0620225  
    3705      7585   .3700297  
   31687      7585   .1286921  
  128764     23671   .0100015  
    4123     14005   .0432206  
    3229      1318   .1781598  
   28910     13683   .3033684  
  141178    139803   .1430515  
    3156      4961   .0865815  
    4140    221616   .0599997  
   10388      6864   .1100023  
   10388      8044   .3299984  
   20903      4961   .5634478  
   25619      6864   .0678125  
   28848      2146   .5699991  
   28848      8286         .1  
   29822      4961    .235001  
   29822      8287   .1950023  
   30576      4961   .1991524  
   60822      1485   .1339931  
   60822      2146   .2590008  
   61646      1485   .0949871  
   62750      6864   .3033693  
   62840      1485   .3458386  
   62840      8044          1  
   63450      3036    .729963  
   63678      4961   .1899999  
   63678     23820   .1543301  
   64356    143972   .4464988  
   65296     63023   .1545975  
   66662      2146   .1368475  
  125474     16436         .1  
  125474    221616   .1199834  
  126298     10980   .6799909  
  128764    114920   .1100162  
  128764    115519   .0100015  
  110766     66714   .2399925  
  128764    120956   .1899912  
  137130      3343   .5392157  
   23197     63919   .1176984  
  117905     12171   .2096447  
  117905     14895         .1  
  133304     63919    .121089  
    3229      5288   .2198239  
   61392      5288    .103397  
   61402      5288   .3997003  
    4123      6829   .0181453  
    4123     11259    .044953  
    4123     25338   .0614571  
   23197      2184   .1794326  
   23197     24779   .1089984  
   13443     28930   .1400048  
   28910      6066   .1598993  
  128764    119477   .4099868  
  128764    124595   .0600088  
  120860     62523         .1  
   25844     62599   .1199972  
   28533     62599   .9699839  
   28910      2504   .1752422  
   29396      7652   .1338515  
   62730     62599   .1086991  
  120860     62599         .1  
  120860    121835   .3380015  
  128764     62599   .1499853  
  135824     62599   .3854794  
  141178    140061   .2309544  
  140062      7980   .2008642  
    6152     19349   .0883275  
   17079     19349          1  
  110766     19349   .1260329  
  137130     19349   .1573352  
  121143     19043   .3333062  
  128698      1013   .2161912  
  133732      1013   .2403054  
    1037      5063   .2857143  
    1635      7585   .1530741  
    5166      7585   .0697842  
   29634      7585    .432017  
   30844      5063   .1829497  
   62738      7585   .0908882  
    7268      2285   .1039859  
    7268      6774   .1163541  
    1635      8972   .1403393  
    6308      8972   .1386416  
   18549      5492   .0907311  
   64088      8972   .1225092  
   14019     29133   .1339385  
  126137    126554   .7210107  
  134870      1318   .5179358  
    5166      1485   .0232055  
    5166      4961   .1260234  
    5166     10980   .0337519  
   62709      1485   .1049847  
  137861    121957   .1299679  
  138501     23820    .453395  
   31520     60800   .3084759  
    1037      3226   .3345463  
    5063     66714   .3100001  
    9483     61464   .1099996  
   28853     31448   .0692028  
   28853     66714   .2609887  
   31843     66714   .1700037  
   14019     24869   .4391357  
   60801     12171   .1286926  
   60801     63919   .2476507  
   62709      5680   .1080079  
   62709      6829   .1700014  
   61212     64486   .0913354  
    1650      6066   .5579595  
   28236     25807   .0424785  
   64103     62599   .0499988  
  123100     62599   .0480066  
  138943     62599         .1  
  140030     62599   .3900374  
    6786      7980   .6913159  
   64103      7980   .4099991  
  128698      7980   .3694202  
  138943      7980         .1  
   13329     19349   .0723467  
  123100     19349   .0439373  
   13497     13990   .0964548  
   63875      5020   .1386861  
  138607     12053   .7371312  
   64351     10420    .130007  
   13923      4839   .1517615  
   13923      5073   .1274593  
  138347     24870          1  
   10286      4961   .1200048  
   10286      8044   .1800099  
   64351      4961   .1099996  
   64351    143972   .4199978  
   65530      6864   .1400313  
  138347    126424          1  
   31285      6829   .1899825  
   29958     11259   .1700002  
   31285     24621   .1399847  
   65530      4739   .0700377  
  138607      6066    .085046  
    7685     15349   .3800045  
   11169     12917         .1  
   64753      9932   .1760263  
   64753      5142   .1299855  
   12677      5650   .0420042  
    2577      3282   .1115801  
    6416      3282   .0499981  
   65735      7123   .6435482  
    4283     30034   .1299944  
    6416     10622    .066886  
    2577      7585   .2089928  
   12677      7585    .109645  
  138610      7585   .0523357  
    2577      5073   .1187016  
   64753      6774    .110012  
  124996    211588          1  
   28940      6196    .168636  
   64753      6066   .0905204  
  138610      6066   .3044977  
    6416     12141   .0987444  
   31611      3955    .070003  
    5831      3282   .2671802  
   31455      3282   .2500287  
   31611      3282   .1500017  
   62601      3282    .066997  
   62768     12136   .2856675  
  139804      3282    .961097  
   23084     12053   .1630971  
   17110     20779   .1099999  
   28195     10553   .1930094  
   28195     20779   .1999999  
   30170     20779   .0337675  
   62135      9311   .0747312  
   62135     10553   .0642144  
  139804     61439         .1  
   30170     24548   .0467194  
   64278      4140   .0815696  
  139804     64356         .1  
    1351      7585   .1099995  
    8365      7585   .2156689  
    9650      7585    .131541  
   12945      7585   .0999997  
   30247      7585   .1137666  
   31455      7585   .2200052  
   62135      5063   .1053591  
   62135      7585   .2602622  
  139804      7585         .1  
    5420     17110   .1612045  
    8348      5420   .0957106  
   13891     29698   .0825037  
  139804     17110   .1116433  
  139804     31661         .1  
   62135      6008   .0922093  
    9650      7506   .0769954  
    9650      4839   .1086406  
   31455      6774   .1199794  
    5831      5122   .2299985  
   30247     10391   .1997731  
   30247     10453   .2132793  
  139804     13374         .1  
   29953    211588   .0747515  
   31455     30102   .1100026  
   31661      2860   .2500007  
  114611      2860          1  
   24306     63919         .1  
   12945      6066   .1200007  
   13780      6066   .5232626  
   28305      6066   .0999997  
    5831     62599    .180001  
   23084     62599   .1750822  
  139804      7652         .1  
   31661      7980   .1499996  
    9650     19349   .0999615  
   12945      5047   .1198678  
  139804      5047         .1  
   24803      9465   .1499983  
   30101      9465   .8100281  
   64005      5589   .1599971  
  137310      5650   .0182857  
    1161      3282        .12  
    6008      3282   .0911049  
   12215      3282         .1  
   16401      3282   .0961101  
   25621      7952          1  
   61088      3282   .3229776  
   61572      3282   .5756383  
  130762      3282         .1  
  138346     65705   .1017389  
   12215      9545         .1  
   13412      6169    .463332  
   60945      6169    .100008  
   61737      6169   .1499989  
  137310      9545   .1123072  
    6185     10553        .25  
   12215     10553         .1  
   12215     20779         .1  
   31488     10553   .1899972  
   61572     20779        .12  
   62559     20779         .1  
   65167     20779   .2105621  
   66708     10553   .2505771  
  112158     20779         .1  
  119493     20779   .1200029  
  120357     20779   .1599948  
  120357     30237   .1299714  
  121613     20779   .4160085  
  129083     20779   .1499805  
  130762     10553         .1  
  130762     20779         .1  
  133288     10553   .1106816  
  137292     20779   .0635001  
  141007     10553   .1040071  
  141007     20779   .1640027  
  141057     20779   .0495475  
  117768     31532   .1826124  
  119553      2721         .1  
    2498      9818   .0542876  
    6529      9818   .1648442  
   12215      9818         .1  
   64485      9818   .1034062  
  130762      9818         .1  
  135945     19043   .5997341  
  137310     10622   .0026175  
  138346     10622   .1000104  
    5818      4199   .0599778  
  109258      5572   .0645977  
    2498     30576         .1  
  126497    110766   .0960647  
  127114      4140   .3475823  
  144137    138181   .1799951  
    1327      7585   .1525735  
    2498     23671         .1  
    9724      7585   .2100204  
   12215      7585         .1  
   13200      7585   .0887074  
   21763      7585   .6614827  
   23767      7585   .1286208  
   29386     23671   .1735109  
   31255      7585   .3019749  
   31511      7585   .1700104  
   31743      5063   .1595413  
   61088      7585    .167459  
   62559      7585         .1  
   62824      5063   .0170005  
   62824      7585   .0090001  
   64853     23671   .2970653  
   66032      7585   .1637887  
   66708      5063   .3502689  
  130762     23671         .1  
  133944      9483   .0999478  
  213412      7585   .1258057  
  141007     17110   .1464352  
   11693      6008   .1600177  
   13200     10499   .0887074  
   25166    116526   .4899902  
   31255      7772   .3900022  
   61088      6008   .0847723  
   66403    116526   .1365096  
  110039      6008   .1893003  
  110039     10499   .1649998  
  117768      6008   .0507016  
  125599     66708   .0549997  
  129083      6003   .2889845  
  130762      6008         .1  
  132986     10499   .1121417  
  132986     66032   .1065081  
  133944    116431   .1499216  
  138346      7772   .1680941  
  138346     23943   .1401015  
  138346     29322   .1799979  
  208068     29322    .137079  
  213412     29322         .1  
  116431      3532   .1399966  
  138602     61562   .1136833  
    4352      5073   .2065403  
   14146      5073   .1192806  
    5818     10301   .0981396  
  133944    136648   .1542832  
    6185      6774   .2199664  
   31620      6774   .1578107  
   61359      6774   .1499957  
   66393      6774   .2199957  
    9799      8972   .0909669  
   23616      8972   .2014179  
   65739      5492   .1699934  
    2498     10453         .1  
    2498     15106         .1  
  125599    126554   .1110005  
    1161      1773   .1199996  
   11768      1773   .0997841  
   13941      1919   .1201584  
   14938     13645   .3500232  
   28678      1773   .1568267  
   31011      1773   .1347756  
  135966      1919    .123707  
    9799      5774   .1912214  
   66403     19798   .1228783  
   61737    113494   .1450444  
   12215      6066         .1  
   21743      7648   .0274477  
   25621      6066          1  
   65739      6066   .1399928  
  112158      6066       .268  
  119493      6066   .1178499  
    2498     62599         .1  
   12215     62599         .1  
   26015     18467   .1099981  
   30789     62599         .1  
   61502     18467    .615702  
   66403      7652   .2434629  
   66403     18467   .1799821  
  119553      7652   .5640652  
  121613     62599   .0710068  
  125599     62599   .0669996  
  135945      7652   .1915036  
  137310     18467   .0052227  
  141845     62599   .2568659  
  144137     62599   .3599902  
   12215      7980         .1  
   28678      7980   .0899972  
   29386      7980   .1730018  
  133944      7980   .2000697  
  137292      7980   .1714407  
    2498      5047         .1  
   11768      5047   .2563323  
   27794     19349   .4208576  
  130762     19349         .1  
  132740     19349   .2382441  
   10619      2285   .2721283  
   30696      9545   .1769152  
   62490      7343   .1759906  
   62490     14324   .1449859  
   30696     61105   .0699978  
    7291      3022         .1  
    7291      4839   .2280736  
   30696      6066   .1349359  
   65590      3835   .0699832  
   10361      3282   .0150668  
  124440      3282    .298993  
  124440     12136   .2450099  
  137137    132502   .0300004  
    1703      8867   .0200004  
    5791      9545   .2589749  
    5791     24608   .1399989  
  137137      6169    .168589  
   65554     20779   .1300265  
    6956     11636   .9400115  
    6956     62420   .0117766  
   61356      4194         .1  
   28374      9818   .1067388  
    7350      7585    .101159  
   10361      7585   .1164261  
   12621      7585   .0889882  
   30086      7585   .1748668  
   30086     23671   .1364662  
   60899      7585   .1529982  
   61356      7585         .1  
   61356     14834    .235706  
   61356      1632         .1  
   61922      6008   .1905404  
   65590      4839     .18828  
   65590      5073   .2527362  
   65590      6081   .0999998  
   65590     17828   .1099995  
    4467      2285   .1362533  
    4467      6774   .1472045  
   65554     10453   .1383732  
    9922     61574   .0786341  
   61356     61695         .1  
   28374     23528   .1245286  
    5791      6066   .1999995  
   10361      6066   .1949787  
   61356      6066         .1  
   62724      6066    .150644  
  137137      6066   .4995295  
    1703      7652   .0599993  
   28374      7652   .1387604  
  133524    125358   .1400178  
    3399      5047   .2279608  
   62737      6268   .0689995  
    8811     11465   .1209516  
   28724     19113          1  
   65697      5073    .404498  
   13176      2111   .0784314  
   62737      6307    .818137  
   13906     11259   .1396291  
   65459     11259   .1999992  
  118531     14832    .236631  
   13369      7123   .2055433  
   13369      9545         .1  
   13369     11399   .7100011  
   31777      9545   .6200005  
   62933     31777   .4099968  
   61469     28497          1  
   13369      6066   .0901247  
   63547      5073          1  
   11217      5048         .1  
   11217      5047         .1  
    4156     30617   .1095272  
   63483     16477   .0300002  
    2918      3835   .1800146  
    3734     30383         .1  
    7873      3835   .2204629  
    3734      2817         .1  
    4036      2817   .1099995  
    4168      2817   .0610003  
    7486      2817         .1  
    9742      2817   .0931148  
   11915      4199   .1592069  
    1372      5073   .3022658  
    1786      4839   .1843399  
    1786      5073   .1118015  
    1786     17828   .0844626  
    2343      3022         .1  
    2343      4839         .1  
    2343      5073         .1  
    2918      3022   .1200083  
    3734      3022   .0744999  
    3734      4839   .0853659  
    3734      5073         .1  
    3734      6081         .1  
    3734      8253         .1  
    3734     17828   .1331685  
    4105      4839   .1200002  
    4168      4839   .1755946  
    4168      5073   .0709995  
    4479      3022   .1122865  
    4479      4839   .3872268  
    4479      5073   .0599816  
    4600      3022        .02  
    4600      4839   .0535028  
    4600      5073   .0600014  
    4600     17828        .05  
    5116      3022         .1  
    5116      4839         .1  
    5116      5073   .5171365  
    6482      4839   .6736727  
    6845      4839   .1685635  
    6946      4839   .1783635  
    6946      5073   .1981581  
    6946     17828   .3170319  
    7086      3022   .0900003  
    7086      4839   .1500006  
    7086      5073   .0699999  
    7486      3022   .3939601  
    7873      3022   .1400021  
    7873      4839    .157176  
    7873      5073   .1099979  
    9742      3022   .1251334  
    9742      4839   .1721584  
    9742      5073   .2210571  
    9742     17828   .1321629  
   10004      3022   .1799998  
   10004      4839   .2169003  
   10004      5073    .122241  
   10195      4839   .4126966  
   10195      5073   .4450409  
   10301      3022   .0584323  
   10301      4839   .0556214  
   10301      5073   .0229923  
   10301     17828   .0218815  
   10443      4839       .138  
   10443      5073       .103  
   10443     17828       .136  
   11261      3022   .1433865  
   11261      4839   .0377332  
   11261      5073   .0377332  
   11915      3022   .1050812  
   11915      4839   .1301565  
   11915      5073   .2052334  
   12559      5073   .0870945  
   19911      5073   .0499984  
   19911      6081   .1477324  
   20366      4839          1  
   24636      5073   .6999968  
   25916      3022        .19  
   25916      4839   .2500289  
   26019      3022         .1  
   26019      4839    .038997  
   26019      5073   .2775599  
   28742      3022         .1  
   28742      4839   .2817168  
   28742      5073    .124644  
   28742     17828        .19  
   29625      3022   .0699996  
   29625      4839   .2782992  
   29625      5073   .0599929  
   30644      3022   .1620001  
   30644      4839    .183425  
   30644      5073   .3310208  
   30644     17828   .1890001  
   30863      3022          1  
   30863      4839          1  
   30863      5073          1  
   31567      3022   .1357952  
   31567      4839   .2595075  
   31567      5073   .4541388  
   61376      4839   .2700006  
   62742      5073   .1433272  
   63483      3022   .0700005  
   63483      4839   .3030234  
   63483      5073   .1807081  
   63483     17828   .1099999  
   63483     19113   .0200001  
   63483     19661   .0200001  
   65399      4839        .04  
   66529      3022          1  
   66529      4839          1  
   66529      5073          1  
  117861      4839         .1  
  117861      5073   .9100742  
  118122      5073   .3954199  
  136648      4839    .901072  
    7873    117861    .109999  
    8046     64690   .1216702  
   24384     10301   .4130741  
   24384     64690   .2343536  
   61776      4768   .1228282  
    7086     23218   .1699999  
    2918     23809   .4999825  
    2918    145977   .2499737  
   23753     23809   .2100013  
   25401     25670   .2539935  
   25401    145977   .2239842  
   30832     23809   .1140037  
   61376     23809   .1526977  
    2918      3836   .1299752  
   30220      6066   .0990914  
   10519     17828   .1381812  
   14638      7672   .6300001  
   66300      2817         .1  
   10983      4839    .044632  
   10150     25916   .0471913  
    2598      2285   .1099921  
   10983      2285   .1011207  
   10983      7155         .1  
   65749     10983         .1  
   66300     10983   .1324959  
    2598      5047   .1300004  
   64313      5047   .1430026  
   65749      5047   .2100843  
   66300      5047   .1104124  
    3662      2285   .1654426  
    4091      2285   .2636903  
    5229      2285   .1190803  
    7549      2285   .1951285  
    9218      2285   .1499994  
   10163      2285    .111596  
   63876      2285   .1721104  
   64634      2285   .1900009  
   64634     10519   .1279994  
  112034      2285   .6129904  
  144066      2285   .1099262  
   25726      9218   .3615842  
    4091      6774   .1083919  
    4091      8972   .0737592  
    8717      5047   .1057526  
  111282      8974   .1475657  
   64568     10482   .5535331  
   30107     10867   .1136754  
   30463     10867   .0845998  
   30463     10645   .2481191  
   22978     21487   .3420018  
    5018      4839   .1120448  
    5018      5073    .161649  
   29934      2285    .173136  
   29934      7155   .0883737  
   29934      6774   .2671885  
  145984      5073   .1200005  
  145984     17828   .3600015  
  121759      4839         .1  
    7985      2285   .1038526  
    3711      6774   .1299955  
    5594      6774         .1  
    6534      6774   .2700016  
  110685      6774   .0872183  
  121759     61994     .70009  
  121759    115336         .1  
   12944     11259   .0532987  
  121759     65056         .1  
    2694      5047          1  
    9490     13204   .3080715  
  107670      9653         .1  
   64415      3138   .0499973  
  119275      1704   .2199986  
   24925      9071   .1937356  
  121533      9545   .1988362  
  121533     24608   .1059945  
  121533     62377   .0099821  
    9191      6008   .1718255  
  115245      6008    .188394  
  126423      6008   .2726242  
  121533     13369   .1111247  
   24281      4839   .2049076  
   64415     12239   .1199989  
   64415     13204   .1300011  
  140759     20779   .3083801  
    3158      7585   .2108241  
    3798      7585   .0999983  
    4900      7585         .1  
   27933      7585   .1568603  
   64915      7585   .1300131  
   65286      7585   .1730792  
  136824      7585   .1099685  
    2891      6008   .1675767  
    2891     10499   .1299955  
    3158      6008   .1304517  
    3158     10499   .1200019  
    6532      6008   .1300021  
   29085     11062   .0285268  
   29085     22325   .0230801  
   61048      6008   .2612182  
    5122      4839   .1859952  
   13865      2285   .1851109  
    1056      6774   .1330025  
    4148      6774         .1  
  139501      6774   .1687998  
   28337      8972   .2000802  
   64915     10453   .0901185  
   29066      1318          1  
   29950      2146   .2115637  
   29950      6864        .18  
   29950     10980   .0300168  
   61725      2146   .2150331  
   25899     12171         .1  
   25899     63919   .1208763  
   25899      5288   .1146279  
    3798     62599   .3299956  
   29411     18467   .1411982  
   64915     62599   .0708221  
   24686      9480   .2297911  
   61725      7980   .1099966  
   64809     19349   .2739999  
   65286     19349          1  
   62455    100080   .1600213  
    4349    101310    .169952  
   61574      7409    .000166  
  127455    126554   .5000414  
   10530      8806    .013576  
   10530     14912   .0242939  
   10530     65092   .0185777  
    3735      6307   .0773017  
    4349     30291   .0074558  
    4972     11636   .1899933  
   11694      2721   .1898958  
    7192      3022   .0864673  
    7192      5073   .2008687  
   25676      4839   .3120702  
   25676      5073   .0951742  
   64936      6774    .309988  
   11803      4371          1  
  133164      6266   .4397635  
    7682      1704   .1279938  
    7682      9818         .1  
  113361      7585   .1438689  
    7682     10499         .1  
   11803      5073          1  
   11803      5073   .1658304  
   13630     10983   .5588444  
  122034      2230   .0602617  
    7682      6066   .1099988  
  113361      7652   .1547465  
  113361     62599   .0300121  
   24662     10793        .24  
   22837      2086   .6700087  
   30361      6266   .1226566  
   62833      6266   .6888832  
   66027      3011         .1  
   66027    101310         .1  
   66658      3011   .3501037  
   66658     28272   .1500454  
   20210     10519         .1  
    2235      2044   .1420613  
    9051      2044   .0500189  
   24449      2044   .0331175  
   24890     10972   .0155236  
   63038     25355   .1099607  
   63083     31166   .2673938  
   63676      2044         .1  
   66658      2111   .0999231  
   24304      7250   .2499854  
   24449      7228   .4803452  
   62200     25279    .455516  
   63083      7228   .1299859  
   63676     25279         .1  
   24376      1485    .222696  
    9916     27957   .1684303  
   13474      7435         .1  
   63617      6266   .5299807  
   14487      7250   .1581763  
    7205      8213   .2049352  
   14886      8213   .3639947  
    4641      1914    .093321  
   14886     10247   .3151262  
    3916      3011         .1  
   65771     61494   .1769994  
   64308     10622          1  
   63182     10972   .1538615  
   65014     61494   .3268452  
    6598      2086   .2634653  
   23387     15708   .1384465  
   23776      2086    .279703  
   24971      1078    .784942  
    3673     14186        .22  
   26038      3157   .8899897  
   10550     25355   .0298697  
   23487     31166   .1498929  
  140073     31166   .3300057  
   23387      7250   .0884201  
   65788      7228   .3201243  
  140073      9372   .3100019  
   14897     23819   .1300009  
    1633      5047   .0802573  
    1633     19349    .078004  
    5901     19349   .1716169  
    6039      5047   .1012175  
    9969      7250         .1  
   61374     11259   .2162664  
   61374     29028   .1379131  
   61151     28398   .2235624  
   61374     28398   .1847515  
   63658     28398   .2600083  
   63445      3863   .2996883  
   30458    102696         .1  
  138843     12171   .0879907  
  138843     63919    .128815  
    8657     11259   .1190507  
    8559      2555   .0995869  
   26014     11259   .1059982  
  109600     13506   .3908219  
   12655     11259    .139093  
   28907     11259   .1924669  
   64652     11259   .0900217  
    7116     11259   .1449902  
   62745      3813         .1  
   62745     11259         .1  
    7116     10639   .1529798  
   62745     10639   .6173084  
   31464     13506   .4499941  
   30199      5518    .199483  
   30199     25283   .0420006  
  146214      6307   .0611396  
    1109      3813   .0399592  
    4335      3813   .1299984  
    4335     11259   .2369762  
    4975     11259   .1500015  
    5518     11259   .1631891  
    8096     11259   .1317251  
   16470      3813    .140075  
   25779      3813   .5999828  
   25779     11259   .1548692  
   30199      3813   .0968374  
   30199     11259   .2180154  
   60815     11259    .130009  
   64830      3813   .0822836  
   64830     11259   .1991021  
   65658     11259         .1  
  146214      3813   .0786085  
  146214     11259   .1135432  
    4335     10639   .1961294  
    4975     10639   .1999992  
    5518     10639   .1809186  
    8096     10639   .1045091  
   16470     10639   .3900304  
   25779     10639   .5500078  
   30199     10639   .0579166  
   60815     10639   .2099965  
   64830     10639   .1711949  
   65658     10639   .1477111  
  146214     10639   .3056979  
   28388     24978   .2417746  
   29367     24978   .4300773  
    4448      6307   .2575146  
    8782      6307    .063014  
   25154      6307         .1  
   30358      6307         .1  
   65819      6307   .3329974  
    8782     11259   .0475699  
   14111     11259   .3038118  
   25154     11259    .220296  
   29229     11259   .5280256  
   30358      3813         .1  
   30420     11259   .1628924  
   30358     10639         .1  
  108967     13506   .0680101  
    2130     11259   .4684713  
    2130      4523         .1  
    2130     13531         .1  
   62564     12711          1  
  108913    114303   .1252849  
  108913    125134   .1400029  
  108913      4839   .1094303  
   64539      7116   .2162412  
   64539      5518   .0111535  
   31754     10980   .7204346  
    7875     11259    .111436  
   12289     11259   .1099955  
  125534     11259   .1900013  
  136806     11259   .2091717  
   24069      3422   .1079577  
   24069      7180         .1  
   63123     31596   .1034479  
   25921      2574   .0988915  
   25921      9537   .0460414  
   25921     10867   .0110385  
   29206      3851         .1  
   29206     18957         .1  
  114418      4598   .2699972  
  114418    115336   .2100034  
   61571     16603    .112671  
   28632      8067   .1899095  
   13201      6104   .1508954  
   12625      8762        .15  
   30177     10816   .1200026  
   12598      5073   .3016686  
   28933      3022          1  
   28933      4839          1  
   28933      4839   .2599997  
   28933      5073          1  
   28933      5073        .33  
   28933     17828   .1599996  
   29612      3022   .3616779  
   28632      4768   .1822371  
   64956      4598   .4204992  
   12169      6307   .1241084  
   30925      6307   .1439789  
   13201     11259   .4897089  
   25069     11259   .1133141  
   13572      7017   .1394409  
   63460      9653         .1  
   13572     10156   .2600113  
   63460      2991         .1  
   63460     15257         .1  
   63460    125134   .0665956  
   13572     10165   .2399968  
    7370      5385         .1  
   25365     11259         .1  
   29290      2991    .075554  
    3216      3851         .1  
   63026      6864   .1811537  
   63026     62673   .1100053  
    1210      4598   .6157057  
   62957      7647   .1040032  
    8515      9653   .1747865  
   65436      1382   .0367237  
   65436      3851   .1849398  
   65436      7672   .0319355  
   65436     10665   .0418477  
   66381      4598   .1819517  
   66381    115336   .1380014  
   24810     15257   .2081432  
   15712     10482   .1399973  
   10645      2574   .1134847  
   10645     10867   .2954847  
   65882      6864   .1678393  
   25955     15257   .0706439  
   64160      3022   .3199994  
   64160      4839   .1609072  
   64160      5073         .1  
   64160     17828   .3530778  
   13240      4204   .0551977  
   63070     29318   .2455244  
   24708      6864    .110003  
   24708     14100   .1400038  
   31745    143972   .1800078  
   63070      1485   .1350166  
   31745     31460   .2599801  
   64899      9653   .3235779  
  123435      8067   .1479073  
  123435      4768   .1217917  
    7357      6864   .0724852  
   13375      6864   .1533227  
   63229      9195   .0330683  
   63229    143972   .0338754  
   64967      4961          1  
   64967      9195          1  
   64967    143972          1  
   65907     10980         .2  
   66111      6864   .0700011  
  106881      6864   .0494494  
  109929      2146   .7325969  
  121315      1485   .4286582  
  124322     62396   .1300899  
  124441     23820    .039226  
  124441     25203    .044575  
  222642    220479   .1500001  
   13440     31596        .22  
  122835     15576   .2299947  
  122396    118167   .8549958  
   25212     14912        .08  
   30102     62453   .0800076  
   30102     25157   .1714977  
   11523      5047   .1160338  
   66350     25540   .1119744  
  118773      8762         .1  
  118773      3170         .1  
  118773     14834   .0380375  
   25364    135264   .0252271  
   29266     66714   .0152275  
  114738     66714   .0030998  
   66704     13506   .0054018  
   61700     28930   .2145643  
   15159      5071   .1000427  
  120956     28272   .0919777  
   65021     10553   .3142163  
   62549      5073   .1111514  
   63525    116245   .3999949  
  123500     24757    .466015  
  123500     24870   .3500025  
  123500    127399   .2430098  
  133867     15802    .113879  
    3273      6864   .0966441  
    3343      8044   .6152588  
    9242      8287   .1316496  
   30948     10980   .1475152  
   62317    143972    .077998  
   63525      1485   .2400153  
   63525      8287   .1099947  
   63525     10980   .2500192  
  112756     24395     .30033  
  112756     63229    .230198  
  112756     64899    .109736  
  126714     65512    .672367  
  124355     12171   .2603928  
  124355     63919   .1307208  
   22248     31551   .9502516  
   63859     14624         .1  
   25656     31515       .475  
   62101     13799   .1103565  
   25656     19349   .9090211  
    6964      2011         .1  
    4241      4242   .5699317  
  141138    145271   .2309247  
    5330      6066   .1435482  
   13432      1678   .2071865  
   28003      6403   .1965744  
   25627      2991   .1100004  
   25627     10621   .1230003  
   25627     15257   .1190283  
   11506     23820   .0091578  
   11506     25203   .0104066  
    7994      2803   .0704743  
    9810      1224   .0195592  
   30838     31010   .2398489  
  146212      9848   .2734864  
    8265     65092   .2184297  
   10678     12749   .0850688  
    9810      6127   .0198768  
    3533      3532   .0408724  
    3198     66591   .2801862  
    3198      8248   .3354802  
   17164      3911         .1  
    7733      7668         .1  
    7733     10801         .1  
    3033      2817   .0437503  
    2856      6066   .0370159  
   12964      9359    .130002  
    1228     11259   .4333481  
   24660     14912   .3337184  
   61925      5680         .1  
   61925     14624         .1  
   22263      4443   .0020439  
    1324      7171   .0506749  
    1324     11259   .0344524  
    1324      1240    .006731  
   31454      8806   .2189326  
   31454     14912   .3917729  
   31512      2011   .1169375  
   60892     14912   .0938478  
   31454      8264   .2765289  
   31454     65092   .3456807  
   61620      7892   .1999977  
   63605     65092   .2638453  
   61620      5047   .0049984  
   60935     20779   .4222188  
   63920      2916   .1599999  
   63920      4768   .1197859  
   25406      5680   .1549086  
   25406     25571   .2932977  
  146036      8606   .1770217  
   10686      7257   .4142863  
  125274      5650   .0199902  
   61837      6774   .2200059  
   29963     16417    .160002  
  125274    109179   .0099951  
   62811      6066    .252043  
  113362     17080   .1800162  
  125274     12141   .8268654  
  125274      7652   .0299854  
   29963     13822   .1200011  
    8213      6266   .1799999  
    7683      6307   .3400441  
    7683      3813   .3751719  
   14985      5412   .0440252  
    5968      5073         .1  
   30228      9216          1  
   30228     29353          1  
   28435     30946   .0112076  
   62269      6008    .159998  
   62269     23767   .2824066  
   62269      4839   .1100039  
  126424      1318   .1020004  
   64174     30006   .1005147  
   24428     11259   .9898579  
   13756     62599   .1500107  
    8350      4839   .1158131  
   66049      2285   .0800006  
  110104      2285   .2388907  
   65785      9071     .02593  
    6343      4199   .0056212  
    6343      6774   .0046989  
   13670      4093   .0974137  
    6343     24637    .200171  
   64999      5047   .1046475  
    7967     10970   .1334764  
    2616    100080   .1959079  
    2616      3011   .0817444  
    2616      6730   .0600835  
    2616      8020   .0665932  
  124050      2403    .139998  
  124050     28272   .1390015  
  135986      2169   .1066471  
  135986      2751   .2198945  
  137150     11259   .1619663  
    2213      9155        .18  
   12269      2193        .18  
   65681    128358   .1000007  
    6764     11259   .6118758  
   62437     25115   .0599972  
   14241     10247   .1435659  
   29254     11259   .4300022  
   14405      4577   .0921491  
    3914     31239   .1794486  
  119993     10621   .0847669  
  116029      8272   .1150222  
   61296     31707   .9498103  
   61546     14420   .1899972  
   61546     63919   .2700057  
    9748      3813   .4711027  
   24887     24454         .1  
   10266      2791   .1000008  
  110679      5680   .2682358  
  110679      6829   .1053152  
  110679     11259   .1053152  
   31549    119753         .1  
   25016     24607          1  
   25016     24607   .1591467  
   31549    130200         .1  
  119536      6066    .269995  
   65949      6307    .090858  
   28666     61761         .1  
   12430      2845   .9622501  
    5822      6066   .2223681  
   64482      5650   .8586147  
   14495     10665   .4515191  
  144647     10665   .1069429  
   14495    115336   .8704754  
   65521      4062   .0905245  
    6213      1240         .1  
    6213     28197   .5999956  
   28216      1465         .1  
   25760      4839   .2699898  
   25760      5073   .2800141  
   10451      7648   .2348861  
    6781      9653   .0421329  
   61828      5439   .0861177  
    4485      1045   .0138935  
   28159      3221         .1  
   61594      7647         .1  
   24920     13561   .1230559  
   64197      2403    .303244  
   64197     28272         .1  
   64807     10903   .2673404  
   64807     27914    .078922  
   30248      5047   .1210626  
    7092      2504         .1  
   14924     10499   .2624609  
   23724      4839   .1397372  
    9102      6307          1  
   13686     66292   .9999999  
   16423      7267          1  
   14584     15782   .2702467  
   63268      2403   .2156602  
    6259      2817   .5513833  
  138601      2817   .2874618  
  138601      7343   .1595033  
    7034      8468         .1  
    8493     15084   .9999999  
   10278     25495         .1  
   10564     15084   .2491438  
    7034      2991   .8498254  
   10278      2991         .1  
   10278     10482         .1  
   10564      2991   .0907396  
   10564    114777    .541524  
   21361      8293   .2017018  
   24717    100039   .3054449  
  135788     31142   .7378427  
   61831      7228   .1860465  
    6661      5518   .3411075  
   17055     11259   .2913905  
   24096      3813   .5937121  
   31554     11259          1  
   20204      7922         .1  
   31554     10639          1  
   64766      7652   .1100069  
    6313      5458   .0746864  
    6100     19349   .0321053  
    5313      6531         .1  
   29281     63919    .216231  
   29281     24779   .1461674  
   28351     11060   .1100026  
   13189     23791   .0198807  
   29591      6565         .1  
   29176     11636         .1  
  113494      7585   .0471693  
   30298      6774         .1  
   30298      1382         .1  
    7525      4598   .0785082  
    7525    115336         .1  
  113490     24870         .1  
  113490    116245         .1  
  113494     24870   .0943385  
  121382     24870   .0282437  
  121382    116245   .2393201  
   11220      1485   .0061977  
   30298      2146         .1  
   30298      4961         .1  
   30298     25203         .1  
  113490      2146         .1  
  121382      2146   .1539078  
   30298      1246         .1  
   29929     15521         .1  
   24731      5680   .0225421  
   29929      6829   .0540618  
   31230      5680   .0212232  
    1257      6307    .245435  
   24731     25283   .0263002  
   28714      6307   .0631908  
   28714     24483   .0315693  
   29929     25283         .1  
   62233      6307   .0750718  
    1257     23942   .2602425  
    5851     11259   .0056766  
   24731      1594   .0234817  
   25995     23942   .0274052  
   25995     25767   .0315526  
   27780     11259   .0642611  
   28693     11259   .0683956  
   29607     11259   .0388235  
   29929     11259   .0823898  
   30355     11259   .0527378  
   31230     29028   .1235652  
   13189     11535    .139165  
   25995     29846   .0482857  
   28351     11535   .0249438  
   28693      6502   .0255643  
   28769      5151   .0405061  
   29929      6502         .1  
   30067      9255    .090747  
  110382      1240         .1  
   66452     65831   .1159965  
   28351     27773   .0154463  
   12140     28924   .1184585  
   13149     10639         .1  
   29929     28648         .1  
   31230     28648         .1  
   30298      7647         .1  
   30298     30990         .1  
   30298      5048         .1  
   30298     15782         .1  
   63422      9611    .069999  
   27875     17108   .0064772  
    7447     12141   .1543265  
   30355     60972         .1  
   65710      1038   .7913344  
   28322     24858    .111949  
   13124      2193   .1582452  
   13125      2193          1  
   25633     28543   .1566202  
   13125     61584          1  
   30298      7980         .1  
   11700      6066   .2972281  
   63291     22260   .1100064  
   14222      8530         .1  
  132361     29345         .1  
   14222      9545         .1  
  132361    126296         .1  
  126621    116505   .2098662  
  132361    116505         .1  
  127535     62593   .2800633  
  132361    133050         .1  
  132361     12141         .1  
   14222     66438         .1  
   66036      5071         .1  
   66036      6266         .1  
   66036     11040         .1  
    5340      8762   .1120002  
   66036      8762   .1359039  
   66036      9818         .1  
   61515      7585   .0999872  
   66036     19661     .19311  
  110536      4839   .1182514  
   15185      6066    .129903  
   63951    211588   .0609675  
   63951    121713   .2759591  
   62650      6307   .1039011  
  120720      4839   .7293933  
  126454     65882   .0269417  
  126620      5680    .877193  
  126454      4990   .0109306  
  126420    124051   .0699159  
   65948      3022   .0500021  
   65948      5073    .126464  
    8248     10156   .1172677  
    8248      1382   .5119138  
   13514      1382   .7584417  
   65768      1230   .1700149  
   65768      3851         .1  
   65768      9882         .1  
   65768     10665         .1  
   13514      4598   .0566063  
   25843      5048          1  
   65768      6089         .1  
   64387      7257   .0617979  
   65215      7585         .1  
  117801      4839   .1937616  
  117801      5073   .1033618  
  117801     17828       .152  
   13193      2285   .1233561  
   30732      2285   .2268359  
   30732     63754   .0832986  
   30732      6774   .1804631  
   30732      7985   .0777454  
   65215      4990         .1  
   30836     15576   .1000018  
   65897      2968   .1099925  
   65897     30731   .1899968  
   65690     28349   .0913351  
   30732      2538   .0666389  
   30130      6066   .1536287  
   30530      6066   .1286451  
   65215      6066         .1  
   65215     12142         .1  
    6886      9653   .0682652  
   62439      9113   .1600015  
  127376      8479   .1909702  
   25915     30578   .1007859  
  120215      5726         .1  
   12218      8530   .2937838  
  120435      2403         .1  
  122919      5020   .2701206  
  122919      6266   .0700554  
  134765     10845   .3900133  
    6886      4503   .2139213  
    6886     10482   .0705235  
    6886     15257   .0963821  
  127534      2991    .233658  
  133050      5169         .1  
   30015      3955          1  
   65665      3282   .1912608  
  121481      3282         .1  
  126694      3282    .076003  
   61435     24608   .1599793  
  132644     30203   .0133566  
  137881     20779   .1893187  
  120059      9818   .0837828  
  132644      6152   .0078397  
   61435      7585    .190123  
   66386      7585         .1  
  112042      7585   .1470232  
  112625      7585   .0171171  
  137611     23671         .1  
  137611      6008         .1  
    5074      5073   .2374867  
   14145      3022   .1461999  
   14145      4839   .1447774  
   14145     17828   .1308754  
   63741      3022   .0131935  
   63741      4839   .0994506  
   63741      5073    .087327  
   64066      3022   .1000172  
   65270      4839   .0899966  
  119836      5073   .0770003  
  122534     17828          1  
   66386      2285   .0919796  
   11135      6774   .0187176  
   66386      6774   .1842852  
   66386      8972         .1  
  132605      3851   .1043825  
  126056    126720    .310004  
  126694    116245   .0699998  
   62550      4961         .1  
   65574      9195   .1446591  
   65574    143972   .2355015  
  120215      1485         .1  
  133050      3980         .1  
   65725    146212   .0699965  
   25631     63919   .1100051  
  112622     12171    .189977  
  132644     31453   .0058072  
   24670      1004         .1  
   62479      6307   .1909969  
   65267      9359   .0511681  
   29433      2184         .1  
   29433     24779    .303995  
  121481      2014         .1  
  119081      7267   .1020073  
  119836      7267   .1469983  
  130043     24716   .0899863  
  133825     11818   .5499845  
  134765     11818   .1099683  
   66059     27914   .2645474  
  110562      1177   .2255965  
    2536     28349   .0981825  
   65604     28349   .1200067  
  120215     65615         .1  
   62924    132504   .4229481  
  121793    123137   .1100917  
  133050    123137   .1420323  
    1953      6066   .0346001  
    2060      6066   .1626989  
    3342      6066   .3135278  
   62456      6066   .1719892  
   64864      6066   .3317137  
   65207     64066   .3700038  
   65665      6066   .7055777  
  111968      6066   .1419876  
  115812      6066   .1098835  
  119273    110535   .0399827  
  120215     62593         .1  
  124201    119034         .1  
  126434     11910   .1599936  
  133050    119214         .1  
  133050    121834         .1  
  120059     17542   .1399948  
   63194     12141         .1  
   64066     12142   .1299831  
   65267     12141   .0856367  
   65899     12141   .0782371  
  113498     12141   .0498571  
  115812     12141   .1000299  
  120059     16721   .0624144  
  120435     12141         .1  
  122394    118445          1  
  126434     24409    .180005  
  130043     12141   .1554218  
  132980     12141   .1108837  
  137881     12141   .2054091  
   66059      2504   .1289091  
  119773     65988         .1  
  129470     62599   .0858477  
  133987      2504    .239991  
  120435      1891         .1  
  120215     65056         .1  
  111864     63797   .1389832  
  111864     63800   .1721646  
   64796     19349   .1357417  
  143444     10622   .0499954  
    6362    211588   .0569998  
  110529      1485        .15  
  110529      2146   .1900047  
  110529      4961   .1300094  
    1634      6066   .1801302  
    6362      6066   .0773882  
   10305      6066   .0726911  
   61068      6066         .1  
  211329     25157   .2959282  
    6362      5047   .0288051  
   64022      9653    .444079  
   64022      9465   .4025277  
   28700     13990         .1  
  122737     13990   .1400274  
   28700     25761         .1  
  122737     63447         .1  
  132526      5038   .1298734  
  138000      3863   .1899929  
   63018    100080   .0099803  
  126601    100049   .3499674  
  126601    100080   .3386776  
  138744    100080   .1882691  
   60950      6266         .1  
   60950      6730   .1099992  
   60950      8530   .0968339  
   61570     27998   .1696951  
   63018      2403   .1688178  
   63328      2086         .1  
  134965      1078   .9111111  
  134965      8530   .2001134  
  137662      8530    .104992  
  138744    145228   .0457342  
  122061      8762         .1  
  126601    125434   .1200118  
  134984      5589   .1065404  
  122737      7906         .1  
  137252      2444         .1  
   62447     30383   .1503011  
   25302     14420   .7911592  
   64603      3955   .2239995  
   66053      3955          1  
   26360      1392   .1530241  
   64007      3282   .2100018  
   64021     12136   .1028886  
   64099      3282         .1  
   65024      3282   .1179675  
   66053      3282          1  
  130400      3282         .1  
  134744      3282   .2308199  
  134804     12136     .12939  
  139721     12136         .1  
  140906      3282    .130003  
   61069     10097   .1799909  
   61321     10553   .2772399  
   63454     10553   .0800271  
  121720     20779   .1399606  
  124678     20779   .1299026  
  129419     24357   .1100331  
  141381     20779         .1  
   62005     11636   .0651997  
   63606     11636   .2308831  
   63640      2721   .1200173  
   63640     11636   .0441982  
   63652     61552        .07  
  126318    102696   .1099383  
  137252    115016   .1799638  
   30569     10622   .7414693  
   64099     10622   .1923716  
  122737      9818         .1  
   62932      3497   .1240002  
  117904     62804         .1  
   31854     13608   .3086551  
   63454     24548   .1600516  
  134031     31666          1  
   60933      7585   .1452123  
   62581      7585   .0756554  
   62932      7585   .1360029  
  134031      7585          1  
  137252      7585   .2803435  
   30569      6008   .0592417  
   61694      6008   .4936954  
   63454      1632   .2200029  
   63454      6008   .1100015  
  137252     24800         .1  
   13902      4839   .1403269  
   26011      4839   .0234702  
   62859      4839   .1059919  
  111732      5073   .0780979  
  129471      5073   .2416768  
  134124      5073   .1999901  
  138701      4839   .0200762  
   12731      7155   .1467577  
   31502      2285   .2424888  
  126601      5229   .1199681  
  138000     12389   .0999822  
  134764      6774   .1245696  
   63112     10379   .1773901  
  138605      2111   .1005803  
   63072    115336   .1701657  
  118445     65882   .1101191  
   61902     63070         .1  
   63281    211588   .2999845  
   31888     10980   .5000443  
   62523    221616   .4899869  
   63112      1485   .1311593  
   63281      6864   .0041966  
   63981    221616    .048312  
   64914      6864   .1106079  
   66468    143972    .119804  
   66657      6864         .1  
  111880      2146   .0510006  
  111880    210216   .0944515  
  126597     61489   .1300012  
  130049    210216   .0096434  
  134744      1485    .120259  
  134984     10980   .1427459  
   63938      3226   .1000044  
   63981      1440         .1  
   63981      7366         .1  
   63981      3419         .1  
   63981      4093         .1  
   12540     12171         .1  
   12540     63919   .2740001  
   14268     63919   .0834621  
   15855     12171   .0475502  
   15855     14895    .047426  
   15855     63919    .166115  
   17080     63919   .2197628  
   17560     63919   .2299975  
   22404     63919   .1580817  
   22528     12171   .1757578  
   22528     63919   .1794531  
   22765     12171   .1842209  
   22765     63919   .3244451  
   23076     63919   .5274302  
   25302     13501   .8539495  
   25320     63919    .131193  
   27771     63919   .1299864  
   27928     63919   .1449741  
   28010     12171   .2086966  
   28010     63919   .3035271  
   29381     63919   .1873746  
   29879     63919   .1667304  
   30351     12171   .2599559  
   31131     12171    .210643  
   31679     63919    .130137  
   60868     63919   .2596428  
   60963     12171   .3799609  
   60963     63919   .3399479  
   61321     63919   .2340187  
   61532     14895    .106991  
   61532     63919   .3421224  
   61676     12171   .1700031  
   61685     63919   .2100029  
   61694     63919   .1700061  
   61754     63919   .1899288  
   62523     63919   .0444673  
   63771     12171   .1399747  
   63771     63919   .1895994  
   63843     63919   .2500035  
   66582     12171   .1099912  
   66582     63919   .2123432  
  109186     63919    .220027  
  117701     63919   .3444365  
  122737     31453         .1  
  122841     63919         .1  
  127281     63919   .1200115  
    8480      5774         .1  
  122737     61732         .1  
  117841     63051          1  
   10724      6829   .1111239  
   28700      3964         .1  
   28700     13380         .1  
   16721     11259   .1032555  
   24436     11259   .1562527  
   61718     11259   .3939582  
   64630      1594   .0559998  
   28700      1240         .1  
   28700      6502         .1  
   28700      9359         .1  
   28775      9359     .14811  
  117904     64304         .1  
   28700      4990         .1  
  117904      7922         .1  
   28700     27773         .1  
  117904     27773         .1  
   31563      2184   .2249967  
   31850      2184          1  
   61685      2184   .0828708  
   61685     24779   .0609414  
   10724     21796   .1299911  
   10724     25434   .2047485  
   60868     14624   .3099929  
   14524     10639   .1399124  
   24436     10639   .1284099  
   63898     10639   .1149379  
  117904     13506         .1  
  117904    110384   .1859854  
  117904    129138         .1  
  122737    124034         .1  
  117904     27991         .1  
  110721      8007   .0782643  
  137534      1447     .28001  
  121720    142463   .1699803  
  128560      4885   .1304348  
   63328      2547         .1  
  120723     28349   .1799976  
    7329     13114   .2899976  
   11286     65315   .2000504  
   24509    113494   .2004699  
  122737     29389         .1  
  111064     15853         .1  
    4477      6066         .1  
    7606      6066   .3310463  
   13346      6066   .3311883  
   24489      6066   .0999879  
   24733      6066   .1699931  
   25302      5074   .1601155  
   26360      6066   .2200043  
   60962      6066   .4747273  
   61069      7648   .1366658  
   63169      6066   .7148857  
   63324      6066   .0236082  
   63444      6066          1  
   63640      6066   .0458158  
   63821      1878   .1180749  
   63895      6066   .0521242  
   64701      6066   .7057257  
   64927      6066   .0809402  
  120315      6066   .2912897  
  121273     62673   .1099804  
  123016      6066   .1006794  
  123995      1878   .2999704  
  130400      6066         .1  
  140906     65226   .1174231  
   19914      6036   .0377909  
   28089    220748   .4253732  
   60933     12141   .3949754  
   61498      3366   .1094763  
   61927     12141   .0919689  
   63185     15203   .0384125  
   63640     12540   .0337598  
   64021     17080         .4  
   64283     12883   .1230852  
   64283     31571   .0041881  
   64767    111671   .1365142  
   64893      3310   .1059451  
   66507     12141    .077001  
  126318     12141   .0955036  
  127177     17080         .1  
  130400     12141         .1  
  130400     13525         .1  
  134125     61385   .7100052  
  134804     29356   .2606285  
    4477     31194         .1  
   13286     62599   .1299973  
   24315      7652   .3376299  
   26360     66636   .0860088  
   29709     60951          1  
   60973      2504   .1712167  
   61550     62599    .099997  
   61568      2504   .1200241  
   62716     62599   .5195252  
   63454     62599   .1199883  
   64007     62599   .1399938  
   64099      7652         .1  
   64283      2504    .210893  
  130400      2504         .1  
  130400     62599         .1  
  133284      2504   .0965047  
  134744     62599   .4601227  
  134804     62599   .1201479  
   60901     25157   .0760012  
  127281    121656   .1295082  
  129851     64166   .1062755  
   63018     30095   .0743418  
  138605     62759   .5802708  
  140679      7980   .1199674  
   10026      5047   .0589532  
   63454     19349   .1399627  
   66053     19349          1  
  133769     19349   .0937633  
  134984     19349    .129769  
  124995     23080   .2780131  
   61724      4510   .0304278  
   64383    114303   .1139956  
   65988      2991         .1  
   30398     12136   .3599844  
  113269     29345   .1325609  
  121561      3282   .0200263  
   25984     20779    .101484  
  122902     20779   .2536158  
  124995     20779   .1115471  
   27969     10622   .0699842  
   65988     10622         .1  
  133326      9818   .2700109  
  125279     28236   .2100708  
  122101     29322   .0836563  
   64939      3022   .2810052  
   64939      4839   .1217679  
   64939      5073         .1  
   64939     17828   .2039973  
   64682      6774         .1  
   10588     31166          1  
   62133      3786   .2663929  
   63766      1045   .2382221  
   63766      1382   .1441584  
   61724      4598   .0129047  
   65825    116245   .2799631  
   61724      8287    .091413  
   63470     30788     .07002  
   64041      1485   .2886781  
   65047      1485   .3291176  
   65047     10980    .362403  
   65175      2146   .3162904  
   65175      4961         .1  
  122277     10980   .1092853  
   65825     65448   .3100031  
   64143    213437   .0200012  
  138202     30865   .1883183  
  138202     11554   .1191055  
   64886      1246   .1607789  
   65988     63919         .1  
  121561     12171   .1800176  
  121561     63919   .2600132  
  126005     12171   .1100202  
   25984      6829   .0774439  
   13482      1240   .5265598  
  125795    120773   .2000375  
  133045     64127   .1600578  
   63915      8007   .1039356  
  133045      1447   .3500118  
   66443     11818   .4519112  
  118003     15672   .2869572  
   66656    115873   .1539969  
   65479      9351         .1  
  124995      4423   .1139917  
  121077    106368    .220018  
  125795    113364   .1300432  
  137641      6066    .280053  
  137641     65880   .4599569  
    7817     17542   .1399805  
   65479     12141         .1  
   65988     12141         .1  
  137641     12141   .1399436  
    5962      9112    .290144  
   20991      5399        .16  
   61039      5399   .3123182  
   63959      2504         .1  
  138613     62599   .1245548  
   25375     25157   .1206652  
   66696     61355   .3100137  
  142956     28543   .0929963  
  135864      7980   .1500072  
   61724      5047   .1136695  
  134144      3863   .0241814  
   13316      7257   .0424131  
   18484     20779   .0489262  
   29621     20779   .3641484  
   62266     10379   .3550719  
   63663    114588   .3299969  
    3707      1485   .0377703  
  110387      1485   .0099995  
  110387      2146   .3899987  
  110387      8287   .1987081  
  110387      9900   .1999991  
  112004      1485   .3632093  
  112004      2146         .1  
  112004     10980         .1  
    3707     66714   .0327525  
  106257     11259   .6199305  
  121656    111731   .1527429  
   64165      6066   .0787075  
  126718      6066          1  
   64165      5047         .1  
   28008     11636    .111873  
  146071      7585   .0500198  
   21235      5073   .1300004  
  121755     20779         .1  
  121755      1878   .4899701  
  119753     12233   .4600018  
  119753     24468   .2300009  
   12396      3282    .109989  
  137436     12053    .399968  
   63826     29822   .6079717  
   66649     10787   .0560113  
   60814      5073   .1220004  
  127378      5073   .1092012  
  127378     10983   .4569576  
   66649      7116   .2107375  
  113419     62229   .0398977  
   19950      6864   .1198468  
   19950     28264   .1213453  
   19950     30788   .1539414  
   19950    143972   .0483072  
   19950    210216   .1231471  
   63269      1485   .1150594  
   63417      4961    .207401  
   63826      4961   .1747018  
  113419      1485   .0239386  
   62302      3980   .1059957  
   66649     28182          1  
   11289     24779   .3190303  
   10631      2024     .20783  
   10631      7647   .1846754  
   63451     23592    .189999  
  129632      7647   .7350649  
   13799      1447    .157755  
   65587     10903   .1483991  
   64942     12141   .7153948  
  110106      5073   .1046638  
    8912     15089   .0068569  
    9570      5680          1  
   30178      5680   .4660133  
   62044      5073   .0485224  
   61627      3980   .9499987  
   66590     63919   .2393589  
   14016      1594   .1509764  
   14016     11259   .0964327  
   13437     19439   .1653116  
   64402      3980   .0979961  
   63757      5723   .0662705  
   63757     28930   .2366811  
   61421     11259   .3399992  
   20988     25338          1  
   20988     13646   .3329287  
   66610     15782    .093004  
   66610      2547   .1093292  
    6654     27914          1  
   30841     27914   .1422129  
   13631      2991   .0126206  
  110728      8530   .2470461  
  110728    101310   .0999927  
   13733      5073   .1000065  
   24389      6307    .104057  
  141362     14652   .0740032  
  130200      2547   .1005132  
    1884      3282   .0271247  
    1884      7585   .1049112  
    1884    211588   .1752437  
    1884      6066   .1487876  
   65034     24038    .339927  
   65034      7228        .25  
   61061     27914   .1667327  
    7759      5073   .0890012  
   11300     13649          1  
   11300     65488          1  
  127179      6266   .1637861  
  127179     11636   .1500136  
    2028      4839   .2500032  
    2028      5073   .3638714  
   29075      5073   .1699928  
    1082      5680   .5318846  
  120313    113364    .160056  
   61971      6216         .1  
   61971    141760         .1  
    4456      7585          1  
   24808      6557    .080029  
   63635    116245   .1120024  
   63635      2146   .1590012  
  138005     13440   .2570031  
  138005     23820   .1320014  
  138005    115519    .033998  
   63635    124442    .136002  
  138005    120956   .0300009  
   10452      8264   .0999953  
   62494     11259   .0951025  
  124681     12439   .0900474  
   65243     18729   .1719522  
   30095    100049   .1100003  
  135247    100080   .9328553  
   65243      3011    .827594  
   65905      8530   .2040545  
  138121      2403   .9413127  
  138123      2403   .1999847  
  138123     13467   .2200214  
  138464      7257   .1403226  
  138464      8530   .6403226  
  138464      9459         .1  
  138464    127384         .1  
  140676      1078     .15068  
  140798      8530   .1523196  
  140798     28272   .0991624  
   65317      2846   .1759183  
   27927      8517   .0084746  
   14263      3022   .3699587  
   28690      5046   .6411901  
   14263      6774   .0612613  
  138470    126554   .5005087  
   61332      1193   .0383901  
    2519      7155         .1  
  122734     11040   .2439963  
   28770      5073   .1676619  
  129629     17828        .15  
  132599      5073   .2062777  
    6809      2285   .1009995  
   61131     31166   .1072293  
   61131      7250   .1314424  
   31539      3851   .0299942  
   31821     10903   .1270008  
   64613     29496   .2199931  
   65936     11259         .1  
    5215     29873   .0496953  
   28556      8479   .1585164  
   25993    121440   .9191176  
   28266      3282   .3843139  
   26837     10622         .1  
   60846     10420   .1581023  
   25118      7585   .1369064  
   25118     30565   .2585901  
   30233      7585   .0714452  
   61988      7585   .1172161  
   26837     61396         .1  
    9607      2285   .2157102  
    9607      6774   .1402116  
    7980      6864         .1  
   29338      8287   .1200002  
    2100      7319   .9285096  
   13481     12171   .1197559  
   13481     14895         .1  
   13481     63919   .1697737  
   25088      5680   .2600025  
   25088      6829   .0830991  
   31018      5680          1  
    5152      6307          1  
   21469      6307   .0848994  
    5458     11259   .3178672  
    9230     11259   .1163164  
   19941     11259   .2106155  
    5152      2938          1  
   28556      7154   .4999223  
    3365     15782   .0763781  
   28009      4312          1  
   30233      6066   .5097953  
  133049    116606   .3799706  
   29803     12141   .2799961  
   25118     62599   .3599859  
   60846     62599   .1553724  
  120955      5047          1  
   64981      8479         .1  
   64981     13407         .1  
   30462      4839         .1  
   30462      5073         .1  
   30462     17828         .1  
   30462     19113         .1  
   64981     12548         .1  
   64981    211588   .0485818  
   13633      7980   .0783011  
