   29962    147708   .0508223  
   30443     11259         .1  
   64275     11259         .1  
    3801     65092   .1219761  
    3107     65248   .5308743  
   14793     65248         .1  
  170639      9850    .178758  
  174312      4029    .077094  
  184569      1440   .1357753  
   32372      4093    .140293  
  122915     23465   .1094012  
    8512    165466   .1249998  
   10877      6788   .0185715  
   10877    154357   .0372818  
   10877    155393   .0069906  
   22053      8549   .3689986  
   24131      6788   .0089589  
   24131    165466   .0361446  
   24131    176899   .0089589  
   27677    165466   .1100003  
    1678      2410   .1703942  
    3469     15247         .1  
    7620    170841   .1308288  
    7912      2410   .2624232  
    8440    170841         .1  
   10877     15093   .0702352  
   10877     15247   .0501683  
   11781     12384   .0633103  
   11923      2410   .0994644  
   11923     12384   .1071155  
   13431     10466   .3509105  
   13431    170841    .280728  
   14359      4503   .0233927  
   17228    170841   .1800002  
   18109    178672   .0901983  
   20513    186989   .2499995  
   21431    170841         .1  
   24131     15247   .0089589  
   24131    170841   .0089589  
   27786     15247         .1  
  142540      2410   .0142402  
  142540    133870   .0697955  
  142540    170841   .0195627  
  155393    170841   .1094034  
  164046    287882         .1  
  186276    170841   .1099997  
  247371    170841         .1  
   10877    141720   .0150507  
  150699    141720        .23  
  175006    141720   .1536628  
   10221      6310         .1  
   19433      9904   .0752098  
    8387     12892   .0399791  
  174169     12892         .1  
  142540    140756   .0587276  
    1380    121713         .1  
    9258     14590        .01  
    5581     16478   .1038063  
    9258      8549        .02  
   21165    170750         .1  
   61409      1380   .2500002  
   61409     11923   .3380003  
  273726      8549   .1115882  
    2270      2410   .0233333  
    2270     24625        .15  
    9258     15319        .02  
   11925     12384   .3879995  
   11925    220546       .155  
   16026      2410   .6799999  
   16026      2991   .0850006  
   16026      4503   .0030001  
   21165      2410         .1  
   28338      2991        .21  
   28338     12384        .26  
   28338    220546        .18  
   61409      2410   .1050004  
  273726      4503    .062506  
  273726     24625   .2302235  
  273726    220546   .0859058  
  297209     61616   .0192549  
   23810      4503         .1  
  181745    185532    .149999  
    9835      1678   .0590005  
    9835    164046   .0810002  
   21834     26069   .0800002  
   21834     34296         .1  
   30284     27677         .1  
   32303     16478   .1189998  
   33067     14934        .12  
   33067     18660         .1  
   33067     27786   .0601957  
   33067     29173         .1  
   34412     18465         .1  
  178851      1380   .1099993  
  178851    184442   .0800004  
    8079     12384   .0999999  
   65006      2410   .1500004  
   34412      9904         .1  
  178851      9904    .099998  
   19184     65092         .1  
   22284      1380   .1060008  
   22284    187128   .1160023  
   12432      5439         .1  
   12432      2991         .1  
   22284      4430    .214002  
    4818      4503        .17  
   33279     12555        .21  
    2497      9899        .23  
    4115      2136   .7194064  
    4115      9899   .7966484  
    4115      2884   .5104691  
    4115    174490    .136253  
    4115      3226   .7798567  
    4115    126136     .13505  
    2497      4430   .1999999  
   19516     12615         .1  
   66446     15247         .1  
   66446      1440         .1  
   66446      4029         .1  
   66446      4517         .1  
   66446      7366         .1  
   66446      8099         .1  
   66446      8539         .1  
   66446     14912         .1  
   66446    170748         .1  
   66446      4093         .1  
   66446      5742         .1  
   66446      7970         .1  
   66446      7977         .1  
   66446      8264         .1  
   66446      8272         .1  
   66446    156819         .1  
   66446      7974         .1  
   29609     63927   .1100002  
    3362     11259   .1997392  
   29609     11259   .1100002  
    5709     11259   .1466629  
   10793     11259       .173  
    2390      4016   .0960019  
    2390     11259   .3650011  
  170527     10247         .1  
  170527     11259       .065  
   62655     11259       .153  
    2663     11259   .1963452  
    6573     11259    .171605  
   28790      7154   .1367938  
    8582    158743   .0986419  
    9777     11259     .29098  
   62169     11259   .2328366  
  158743     11259   .2309997  
   62169     29028   .2457713  
    5071     11259   .0482945  
    6375     11259        .19  
   25424     11259   .1049996  
  163983     11259       .222  
  163983     29028         .1  
   24755      8479   .1099791  
    5597      3813         .1  
    5597     11259         .1  
   10609     11259   .2392951  
   10609     31587   .1112079  
   24755      3813   .1299755  
   24755     11259   .2999449  
   27576     11259   .4299989  
    8479     11259        .13  
   24316     12756   .0999999  
    3138     11259   .0177502  
  184526     11259   .1089651  
  184526      8815         .1  
   12761     25434   .0999998  
  184526     11264         .1  
    7146      8479   .1008897  
   14501     63927         .1  
   14501     28762         .1  
    7146     11259   .1109787  
   28877     11259   .1414942  
    8543    162876        .14  
   22168     16477         .1  
    3647      6543   .1309439  
    3622     11259   .5013354  
    3622     64768   .1414093  
   33476      8551   .0216016  
   33476    105936   .0835555  
   13362      3964   .2841596  
   19402      4611   .3736199  
  198058      4611          1  
  175319      3813   .1200001  
  175319     11259        .16  
   13362      7922   .3808948  
   19175      7922   .2139982  
   64891      4611   .0783437  
   28303     11259   .2887235  
  119316     16486         .1  
   29156      5680        .19  
    8386     10549         .1  
   12379      5680         .1  
  188255      5680        .13  
  163036      6669         .1  
  163036     12395         .1  
  163036     16653         .1  
  163036     25340         .1  
  163036     29755         .1  
   16477      4839       .156  
   16477      5073       .181  
   27333     15172        .11  
   27333    100737         .1  
   61519    179621         .1  
    2337      6104        .46  
  162264     19858        .05  
  179817     19858        .19  
    6435     11259        .14  
  128978     14624        .07  
    2556     11259     .23668  
   24601     32372   .0652168  
   25124     32372   .0188379  
   31823     17436         .1  
   31823      9472         .1  
   31823     28194         .1  
   31823      8247         .1  
   31823    163113         .1  
   31823     15444         .1  
   12578     61994   .0084424  
  112759      4798        .21  
  112759      9828        .13  
  176096     32372   .0262477  
   20502     29392     .11173  
   13839     24856   .2400313  
    7257    100080         .1  
   24040    100080   .0083379  
    2403      8530   .2853597  
    7257     28272         .1  
   19025     22632         .1  
   19025    184487         .1  
   20228      5180         .1  
   20228      6266         .1  
   20228      8530         .1  
   20228     25648         .1  
   20228    101310         .1  
   23812    101204   .1655689  
   24040     28272    .201276  
   24040    101310   .0843792  
   24710     63645   .9999999  
   30007      6266         .1  
   30137      2403   .8880814  
   65944     23555   .5499991  
  183739     18086         .1  
  184256     27845   .7835616  
  264265    138608   .0372323  
    2403     16101   .0071805  
    2403     24856    .011214  
   20659    160340   .0274888  
   24040     24468   .6253397  
   24302     24468   .0999996  
   24302    156617   .0999996  
   30137      1602     .00419  
   32365     16101          1  
  129466     29127   .4213789  
  158563      1602   .0671407  
  175533    194255   .9934074  
    2403      2751        .17  
    2403      7171        .25  
    2403     31673         .2  
    5888      2751         .1  
    5888     31673         .1  
    6730      2751         .1  
    6730      7171         .1  
    6730     31673         .1  
    7257      2751         .1  
    7257      7171         .1  
    7257     31673         .1  
    7637      2751        .08  
    7637      7171        .12  
    7637     31673        .08  
    8530      2751         .1  
    8530      7171        .15  
    8530     31673        .11  
   12250      7171    .260001  
   12250     31673    .270001  
   13599      7171       .121  
   13599     31673       .114  
   14304      2751   .1581328  
   14304      7171   .2497961  
   14304     31673   .2086055  
   14538      7171        .12  
   14538     31673        .14  
   18086      2751         .1  
   18086      7171         .1  
   18086     31673         .1  
   18204      2751   .2299976  
   18204      7171   .2100002  
   18204     31673   .3299996  
   18888      2751   .3099999  
   18888     31673   .2899998  
   20659      2751   .2100005  
   20659      7171   .2700006  
   20659     31673   .2700006  
   22632      2751   .0499998  
   22632      7171   .1700004  
   22632     31673   .2899996  
   23812      7171   .2202766  
   24302      2751   .1300004  
   24302      7171   .0835915  
   24302     31673   .0809578  
   24344      7171   .1400001  
   25648      2751   .0840598  
   25648      7171   .1513077  
   25648     31673   .1176838  
   27845      2751        .23  
   27845      7171        .25  
   27845     31673        .22  
   29955      2751        .13  
   29955      7171        .18  
   29955     31673        .18  
   30007      2751         .1  
   30007      7171         .1  
   30007     31673         .1  
   34160      2751          1  
   34160      7171          1  
   34160     31673   .2517956  
   63645      2751   .2599999  
   63645      7171        .27  
   63645     31673        .32  
   65944      2751   .1099984  
   65944      7171   .1399989  
   65944     31673   .1299987  
  177287      7171   .1700001  
  179731      2751         .1  
  179731      7171        .15  
  179731     31673   .3299951  
  183322      2751   .1433629  
  183322      7171   .1000062  
  183322     31673   .2016274  
  185836      2751   .3399995  
  186159      2751         .1  
  186159      7171         .1  
  186159     31673         .1  
   24782     11259   .1280001  
   32219     11259   .1800009  
   61880     29028   .0021277  
   13599      7241       .115  
   34102     28272   .1799998  
   65011      7257   .1200038  
  133868    101204    .528607  
   14603     21841    .322781  
   14603    151630   .8069388  
   18009      6565   .1699959  
   12433     10530   .1031975  
  133504      2220   .0599997  
  133504     10530   .1400015  
   65011     61494   .1500008  
   12433      2751   .1053046  
  133868     21047    .139627  
  140042     64166         .1  
  179841    100135   .1299964  
   13835    101204          1  
   16745     25648   .9999999  
   17101    101310   .0222468  
   17808      5180    .921659  
   17998     13599   .9305777  
   17998     23812   .0293153  
   17998    101310   .0567984  
   18159     13599   .7200038  
   18430      2403   .8923558  
   18510     13599          1  
   18938    101310   .4925745  
   19471      7637          1  
   21901     28272   .5302266  
   22604    101204         .1  
   22709      8530   .5561993  
   22709    101310   .0270684  
   23574      5180          1  
   24878     65944   .4199987  
   26112      2403   .5509058  
   26112      8530   .0227723  
   26340      8530   .9999999  
   26376     13599          1  
   27155     23812   .6604456  
   28113     24344         .1  
   29013     61711          1  
   29086     12250   .9255232  
   29127    101310         .1  
   29684     13599   .9999999  
   31059     13599   .0754447  
   33114      5180   .1894686  
   33274    101310          1  
   33601    101204   .9999999  
   33643     27845   .7500761  
   33810      5180   .1618027  
   34015    101204   .9126806  
   34410      7257   .4899976  
   34410     24344   .0772722  
   34410     28272   .3399991  
   61899      5180   .7809668  
   62592      8530   .1461498  
  133871      8530   .4736418  
  138122    100418   .3672788  
  138781     28272   .5617977  
  141460      5180   .0091645  
  151630      2403   .0399968  
  151630     25648   .7200024  
  160340    121440   .2292258  
  174134     25648   .0007555  
  176017      2403         .1  
  179598      2403   .3459845  
  179841      5180         .1  
  179841      7257   .2899957  
  179841     28272    .009902  
  179841    101310         .1  
  184727     13721   .2311321  
  186607      7257   .0920314  
  253527      8530         .1  
  253527    180363   .2441743  
  285085      2403          1  
  291881    260838    .104712  
   12252     17651   .3396867  
   12252    138781   .1509719  
   16269     16101          1  
   18315     21132   .0086814  
   18315    154605    .008426  
   18315    165215   .1014984  
   18658     29127   .6799954  
   18658     33751   .0999983  
   18938      1602   .0147772  
   18938     62263   .4925745  
   19470     62263   .0161917  
   19534     32846          1  
   19967     24468   .9946663  
   21020     26874   .8684863  
   21627     29127   .9999999  
   24878     24468   .0199969  
   26112      1602   .0823334  
   26112     17101   .0247219  
   26146     12713   .1629253  
   26146     26818   .8059312  
   26162    170969          1  
   26892     16101   .4972476  
   27392     29127          1  
   31059     26376   .4438032  
   32715     19149   .4312829  
   32749      1602          1  
   33185    141460          1  
   34616     16101          1  
   34883     24856          1  
   35014     24856          1  
   62475     34082   .7263246  
  141197     21016   .0781962  
  141197    160770   .0367444  
  160770     26376   .9999999  
  164511      1602   .9566222  
  271357     64857         .1  
  315639    271607   .7706113  
    1602      2751   .3147766  
    1602      7171   .4814924  
    1602     31673    .509159  
   16101      2751         .1  
   16101      7171         .1  
   16101     31673         .1  
   17653      2751         .1  
   17653      7171   .1600235  
   17653     31673   .1500147  
   18749      2751   .3329887  
   18749      7171   .3389851  
   18749     31673   .2970101  
   19859      2751         .1  
   19859      7171         .1  
   19859     31673         .1  
   24468      7171         .1  
   24468     31673         .1  
   24856      2751        .21  
   24856      7171        .21  
   24856     31673         .2  
   24878      2751   .0482505  
   24878      7171   .0621398  
   24878     31673   .0562945  
   31405      2751        .09  
   31405      7171        .09  
   31405     31673        .12  
   63650      2751   .5336767  
   63650      7171   .8792714  
   63650     31673   .7049392  
  133885      7171   .1170215  
  141460      2751         .1  
  141460      7171         .1  
  141460     31673         .1  
  166435      2751         .1  
  166435      7171         .1  
  166435     31673         .1  
   19143     34765         .1  
  166435     21047         .1  
   31059     32978   .0964937  
    3026     11259        .23  
    8762     11259        .15  
    3121     11259        .26  
    3170     11259        .11  
    9521     11259   .2682012  
   11930      3813   .1039923  
   11930     11259   .4150057  
   12151     11259        .06  
   27907      3813   .2099987  
   27907     11259   .3000019  
   28004     11259        .15  
   62290     11259        .15  
    9521    178704   .2414323  
   22134    160570   .0753407  
  163595     15247        .14  
   26709      6008         .1  
   64848      6008   .1999996  
  163946    134464        .14  
   20185     11259        .09  
  133726      7343         .1  
   11234     29736    .003427  
    8902      5680   .1239456  
    8902     11259         .1  
    1712      4503   .1433325  
  141363     15247   .0772257  
    2771    160598       .118  
   27373     23809         .1  
   27373    145977         .1  
  148950      9465         .1  
  148950     17436         .1  
  148950    100080         .1  
  148950     29392         .1  
  148950     16101         .1  
  148950      2991         .1  
  148950      4503         .1  
  148950      1704         .1  
  148950      8253         .1  
  148950      5046         .1  
  148950      6774         .1  
  148950      7985         .1  
  148950      8539         .1  
  148950      5047         .1  
   14794      6081   .2046607  
   14794      8253   .1649517  
   14794     11217   .1712897  
   29382      3813         .1  
   29382     11259         .1  
   29382      7922         .1  
  177975      2184   .0999998  
   62686     29524         .1  
    8105      3121        .05  
    8105     11259        .18  
    4903     10735   .1337349  
    2787     32372   .0678964  
   15396    170639         .1  
   20011     32372   .1649075  
  186773    170639         .1  
   15396     23978   .2318126  
  186773     65248   .5071335  
  270281     65248         .1  
  270281    104598   .0455626  
   29968      4839        .11  
  106574      8253   .1400102  
    2787     28192        .12  
  106574      1598   .1379942  
  270281      7471         .1  
   31170     30671   .1800006  
    2448     32372   .0327683  
  162701      1988   .1952799  
  162701      4839   .0929904  
   24293     30671        .25  
   64389     16603   .1099999  
   64389      2663         .1  
    1988      3505        .07  
   66602     61994   .1299982  
   11670     11259         .1  
   24099     11259   .1400002  
  133367      3813   .0150946  
  133367     11259        .23  
  133367     64768   .0083982  
  326688     32372   .0485484  
  328795      5047   .1940003  
  174049    163036   .0246244  
    5987      5680   .1899998  
   25964     32372        .47  
    2999      8358   .0999892  
    2999    163765   .0999892  
   28518      5073   .1879996  
   28518     15172   .1579999  
    7762     11259   .1000009  
   22653     11259   .1457838  
  178644     32372   .1878232  
    2049     10983   .0201018  
    2049      5047   .1809138  
    2393      3835         .1  
  179249     30098         .1  
    3650      6081         .1  
    3650      8253   .1530094  
    3650     17828         .1  
    2444    111103   .0684432  
   27574      5047   .3165835  
   32938     14359   .1100003  
   65009     11923         .1  
   65009    163921   .1100005  
  142260      5439   .0999997  
   23864     12294   .1499997  
    6386     32372        .17  
   29191      1704   .3182886  
   29191      6565   .5569437  
   61587    150937   .5199971  
    6565     10622         .1  
    1704      6008   .1099172  
    1704      7343         .1  
    6509      7343         .1  
    6509     10499         .1  
    6509    132740         .1  
    6565      6008         .1  
    6565      7343         .1  
   15267     32372   .0370336  
    5860    100609   .1070001  
   15267     62618   .0689424  
  189491     62618    .132898  
    8463     61420        .15  
    7658     61994   .1299982  
   11399      1690         .1  
   61591     12171   .1827351  
   61591      1773   .2212057  
   23249     20779         .1  
   23249     64356        .11  
   23249      1690         .3  
   29375      9216   .1199992  
   29375    126136    .269999  
   29375    160549   .1100001  
  119574     12171   .1400001  
  138467     12171         .1  
  154039      2184         .1  
  154039     64768         .1  
   20748     12141   .2700002  
  126417     20779   .1439366  
   25774      2721         .1  
   25774     10622         .1  
   25774    100699         .1  
   25774      9135         .1  
  102696     64768   .1196748  
    8334      7154   .1900013  
    8334     65417   .1300001  
    4058     25180   .1455041  
   15327      8606   .2839638  
   15327     23856    .198011  
  260737     61616   .3886364  
    7124    100609   .1199991  
   25747      1773       .107  
   11580      5047   .1600001  
   33668      9899   .1099998  
   32352     11259   .2814181  
   32352     64768   .0938065  
    5572      3813          1  
    5572     11259          1  
    5572     11259   .0714324  
    5572     64768          1  
    5572     64768   .1238161  
  100699      1690   .3358122  
   27828      9899         .1  
   27828      3226   .1766097  
    4322     11259          1  
    6497     11259         .2  
   19602      3813         .1  
   19602     11259         .1  
   32382     11259         .1  
   19602      2184         .1  
   32382      2184         .1  
   33767      2184   .1699997  
   19602    145049         .1  
    4322     64768   .2235453  
   32382     64768         .1  
   14112     10984         .1  
   61646      2136   .2420014  
   61646      9899   .1680514  
   64356      9899   .1210541  
   30576      2884         .1  
   30576    221616         .1  
  183903      2884   .1800009  
  183903    174490         .1  
   61646    105365   .0968097  
   26722     20779   .1400008  
   26722    177257   .1699986  
   29722     20779         .1  
  178153      2721   .1200515  
   31843      9818         .1  
    3358      2136   .1000002  
    3358      9899         .1  
   31843      9899         .1  
   31843     14894         .1  
   31843     29194         .1  
   28853      3226   .1652525  
   31843     60900         .1  
   31843    126136         .1  
  179202     60900   .0452386  
   60801     29910   .0999757  
   18036      6196   .1100001  
   23856     64768   .0999998  
   33766      2184       .244  
   33766     64768   .1659992  
    2577      3650   .1519991  
   19518      1690        .19  
  179583     26722         .1  
  179583    184702         .1  
    2577      5691   .1050006  
    2577     19661   .1050006  
    5165      2285   .2549336  
    5165      6774   .3604234  
   11169      6774   .1979631  
   28940      6196   .1195188  
   23084      1704         .1  
   28195     61591         .1  
   28195     20779         .1  
   28195     24405         .1  
   29698     11465   .1702606  
   29698     14620   .2585897  
    5831     64088   .2299995  
   12945     28853         .1  
   28139     23671         .1  
   28195      1690        .28  
   28195     23671         .1  
  139804      1690   .1499999  
    8348    139804   .3241255  
   12945      7343         .1  
   28195     23119         .1  
   28195    102523         .1  
  139804      8972         .1  
   28195     20232         .1  
   23084      6066   .1261638  
    8348      5047   .2392989  
   12945      5047   .1229998  
   27387      1913   .2199978  
  185380     62290   .0723149  
  264416      1166         .1  
  264416      1704   .2149996  
  264416      6565   .5509998  
    6008      5606        .11  
  135044      5650         .1  
   31494     14489   .0999736  
  112158     14489         .1  
  176363     26156   .1199999  
  137310     11399    .234034  
  137310    150937    .156335  
   18564     20779   .0989999  
   31494     20779   .1227261  
   32524     20779   .2700027  
   64637     20779         .1  
  112158     20779        .14  
  133944     20779   .1253751  
  160213     20779         .1  
  184702     20779         .1  
  185112     20779   .1100003  
    1161      9818         .1  
  110039     10622         .1  
  137310     10622   .1176932  
  142814      9818         .1  
  142814    100699        .12  
  133944     64356   .1297936  
  160213     64356         .1  
  184702     64356   .2400013  
    1327      1690        .47  
   16401      1690          1  
   18564     28853   .0210009  
   28424     28853         .1  
   31142      1690       .131  
   64637     28853         .1  
   64853      1690    .346395  
  133944     23671   .1697443  
  141278     23671        .18  
  160213     23671   .2981587  
  180711      1690        .25  
  184551     28853   .1799988  
  184702     23671         .1  
   31494     30170   .1300002  
  160213     28139   .1325215  
    7343      6008         .1  
   13200    209341   .1464665  
   32524      6008   .4899987  
  156153      7343         .1  
  156153    110039         .1  
   25274    160739   .3300016  
  233491    160739   .1329994  
  184725    100609        .11  
    7344      2285         .1  
   25166      5046   .1099939  
  160213      5046         .1  
  160213     63477         .1  
    7344     10983         .1  
    7344    144066         .1  
    7344      6774         .1  
   66393      6774   .1900001  
  160213      6774         .1  
    7344      7985         .1  
    7344      8972         .1  
   66393      7985   .0900009  
   66393      8972   .1900001  
  160213      8972         .1  
   15420     20644   .1556321  
  175404     10327         .1  
  165051     23287         .1  
    6003      1919   .1794172  
    9599      1773   .1679296  
   12215      1773   .1400002  
   16597      1773   .2900007  
   22325      1919   .3569002  
   26187      1773   .1699964  
   27794      1773   .1817156  
   66032      1919   .1400007  
  133288      1773   .2099999  
  133288      1919         .1  
  184725      1919        .14  
  187740      9125   .1250004  
  125604     11259   .4460008  
   18564     64768    .120999  
  125604     64768   .2210019  
   18564    170617   .3829997  
  141278    171067        .32  
    1161     12141         .1  
   18564     12141   .2210009  
  185112     12141   .1799993  
   28424    125863   .2899982  
  184551    125863         .1  
  160213      1300         .1  
  177267     32372   .0509008  
   14282      1690        .12  
    7291      4839   .1116875  
    7291      5073    .393176  
   61562      1704   .3589232  
   61562      6565   .1516292  
   65590      4839   .1200001  
   65590      5073   .0500001  
   65590     11217   .0800001  
   65590     17828   .0600001  
   65590    160570   .3300004  
   25430      4503   .0599975  
   25430     18293    .150005  
   25430     26658   .0200029  
   25430    135990         .1  
   23083     11259   .1150003  
   10000     23809   .1100004  
   10000     28180   .2199998  
   10000    145977   .1599999  
   29930     23809   .3767837  
  184785      4839   .4700001  
  184785      5691        .02  
  184785     15172   .2200002  
  184785     19113   .1199998  
  184785     19661   .0799998  
  184785    100737        .02  
   11796     10549   .3099999  
    9919     10920   .1001367  
   11796      2176   .2300001  
   28408     16477   .1738786  
   28408     27333   .1603334  
    3734      3650         .1  
  177925      3650         .1  
    3734      3835         .1  
    3734     25180         .1  
    7486      3835         .1  
    3734      2817         .1  
    7486      2817         .1  
   28742      2817         .1  
  160570      2817         .1  
    3734      4839   .2021368  
    3734      5073         .1  
    3734      8253         .1  
    3734     11721         .1  
    3734     15172   .1118752  
    3734     17828         .1  
    3734     19661         .1  
    3734    100737         .1  
    5116      4839         .1  
    5116     17828   .0999998  
    5116     19661   .1299998  
    5116    100737   .1500002  
    6845      4839   .1480003  
    6946      4839   .1401279  
    6946      5073   .1543831  
    6946     17828   .1148015  
    6946    100737   .1011096  
    7486      6081         .1  
    7486     11217         .1  
    7486     17828         .1  
    7486    100737         .1  
   10195      4839   .1815123  
   10195      5073   .1766515  
   10195     17828         .1  
   10195     19661   .0759075  
   10195    100737   .1224509  
   10443      4839   .1199286  
   10443      5073   .1199286  
   22180      4839   .1099994  
   22180      5073   .1500029  
   22180     15172   .1600023  
   28408      4839    .099741  
   28408      5073    .139637  
   28408      5691    .059845  
   28408     15172   .0897665  
   28408     17828   .0498705  
   28408     19661   .0299225  
   28408    100737   .0897665  
   28742      4839        .14  
   28742      5073         .1  
   28742      6081         .1  
   28742     11217         .1  
   28742     15172         .1  
   28742     17828         .1  
   28742    100737        .12  
   31567      4839   .1466934  
   31567      5073   .1954189  
   31567     15172   .2519382  
   33647      4839        .11  
   33647      5073        .08  
   33647      5691        .21  
   33647     17828        .17  
   34051      4839   .1348148  
   34051    100737   .0752593  
   64690      4839        .08  
   64690      5073        .04  
   64690      5691        .08  
   64690     15172        .08  
   64690     17828        .06  
   64690     19661        .07  
   64690    100737         .1  
   65399      8253        .12  
   65399     17828        .17  
  117861      5073        .41  
  118122      4839        .07  
  118122      5073        .11  
  118122     15172        .09  
  118122     17828        .04  
  118122     19661        .03  
  118122    100737        .09  
  136648      4839        .26  
  136648      5073        .08  
  136648     17828        .04  
  136648    100737        .08  
  149683      4839   .0480008  
  160570      6081         .1  
  160570      8253   .0366666  
  160570     11217   .0633333  
  160570     17828   .0533334  
  163765      4839        .27  
  163765      5073   .1900001  
  163765      5691         .1  
  163765     11217         .1  
  163765     15172   .1099999  
  163765     17828   .0500001  
  163765     19661         .1  
  163765    100737         .1  
  177925      8253         .1  
  177925     17828        .14  
  177966      8253         .1  
  177966     17828        .18  
   31825     23167          1  
    7486    160570   .1725042  
   30220      6774         .1  
   30220      5492         .1  
   30220      7985   .1400039  
  177966      6461         .1  
   23753      5125         .1  
   23753     11259         .1  
   23753     23809         .1  
   23753     28180         .1  
   23753    145977         .1  
    4341    103487    .028999  
    4091      2285   .1699997  
    7549      2285    .141055  
  144066      2285        .16  
    4091     10983   .0459998  
    4091    164494   .0949997  
    4091      6774   .0440008  
    4091      8972   .1170001  
   60979     10735         .1  
   60979    218399         .1  
   30463      8007         .1  
  162742    121713   .4200001  
    5018      6774         .3  
    5018      8972        .19  
    4460    316056         .1  
    4460    112158         .1  
    4460      5046         .1  
    4460     10519         .1  
    4460     63477         .1  
   12522    213288     .03999  
    4460    144066         .1  
    4460    164494         .1  
    4460      6774         .1  
   12522      6774   .0600029  
    4460      7985         .1  
    4460    110685         .1  
    4460    187714         .1  
    4460     61685         .1  
    4460      1300         .1  
    4460      5047         .1  
  119275      1704   .1170002  
  119275      6565   .1080002  
   16188      1690   .1500004  
   64915    216019         .1  
    3158      6008         .1  
    3158    184725         .1  
   64915      1632         .1  
   64915     10499   .1100009  
   64915    184725         .1  
   65286     10499   .7274504  
   65286     31142   .5562473  
  148390      6008   .1899995  
  148390      7343         .1  
    3761    100609         .1  
    4900      6774         .1  
    4900      7985         .1  
    4900      8972         .1  
   64915      8972         .1  
   25676      5073   .1700022  
   25676    100737   .1500006  
    7682     10622         .1  
    7682      6008         .1  
    7682      7343         .1  
   63700     12250   .2851276  
   23092      2751   .2460035  
   23092      7171   .3729828  
   23092     31673   .2939996  
   63700      7171   .1154609  
   63700     31673   .1093873  
  138707    144559   .2100016  
  138707      7228   .0799986  
   21352      8213         .1  
   29004      5650         .1  
   29004     20904         .1  
   29004      5047         .1  
   66697     28272   .2247154  
  140073      1078         .1  
  177227      1602   .1200004  
  140073      7228         .1  
  140073     25279         .1  
   24888     61494          1  
  177881      8213   .1000001  
  162887      2751        .15  
  177227      2751   .1200004  
  177881      2751   .1249999  
   20644      2184   .1300002  
    7116      3813   .0991113  
    7116     11259   .2356645  
   32528      3813         .1  
   32528     11259         .1  
   62745      3813   .2151089  
   62745     11259   .2528786  
   32528    145049   .0900006  
    5518      3813        .09  
    5518     11259         .2  
    4448    150139   .1299977  
   27760    150139   .1380002  
    4448     64768   .1899989  
   27760     64768    .115001  
    7875      3813         .1  
    7875     11259   .1350001  
   32819      3813         .1  
   32819     11259         .1  
  176874      3813   .1599998  
  176874     11259   .2299979  
    7875     25338         .1  
    7875     14624         .1  
   32819     19744         .1  
  164416     64768       .173  
  176083     64768   .3861288  
  176874     64768   .2299979  
    6335     32372   .0944363  
   10867     32372    .201822  
  162338      5073        .13  
   33598     11259   .0901721  
   12598      4839   .0800002  
   12598      5073   .1300001  
   12625     11259   .1499999  
   12840     11259   .1249994  
   25069     11259   .1399993  
   30861     11259   .1460001  
   30877     11259   .1269404  
   22731     18498   .1729978  
   10565      2991        .15  
  150258     12384         .1  
  180112    144435      .1376  
   17408    200976         .1  
  170555     12384   .7419997  
  176259     12384   .2312867  
  176259    220546   .1285632  
  160621    312009   .0800001  
   12392      1045         .1  
   12392      3851         .1  
   12392     10484         .1  
   33962      1045   .5399995  
   33962     10484   .4600004  
  155280     64768   .2699998  
    1210      3851   .0472473  
    8092      8549   .0873403  
  187766     11923    .310002  
    8092      2410   .0623853  
    8092      4503   .0582262  
    8092     61616   .0443633  
    8092     26061   .0665445  
   32413      2410    .975996  
  264509      5667   .7858243  
  264509    166563   .0742009  
  180562      5073   .1209761  
    9664     10984   .6800004  
   24708      2136         .1  
   24708      9899         .1  
   24708     10984         .1  
   24708     17874         .1  
    3036      2136         .1  
  187406      9899         .1  
   17687     60900         .1  
  184157      9899         .1  
  184157     12485   .2399997  
  185921     11925         .1  
  175004      2817         .1  
  175004      6494         .1  
  184101      4839   .3285184  
  184101      5073         .1  
  170384      1045   .2199999  
  170384      3851   .2300003  
  186288      2136   .1099988  
  186288     10984   .1400002  
  186288     17874   .1200019  
  124355    156155         .1  
  124355     12635    .239952  
    6397    186989   .1200007  
    9850      5135   .0091973  
    9850     14912   .0058187  
  155969    135990   .2179963  
  155969    157373   .0776129  
  155970    135990        .19  
  155970    157373        .23  
  160913    145270         .1  
    9850      4093   .0063818  
  160913      9691         .1  
  160913     65092   .0189999  
   11506     27786        .08  
   16225     11923   .5232056  
   33700      8068   .1899997  
   33700     12384   .2700005  
   10678    211819    .090345  
    7994    156819   .2597685  
    8326     10860         .1  
   10678      4093   .0944229  
    3533      3532         .1  
    3533    112191         .1  
    4093    144848   .0258146  
    5742    135990   .0665785  
    5742    157373   .0237038  
    8826      8549   .4496336  
   33596      4029         .1  
   33596      8455         .1  
   33596      8539   .4600007  
   33596      9850         .1  
   33596    135990         .1  
   33596      4093   .3500004  
   33596     10860         .1  
  162346      7257         .1  
   18677     14912       .119  
  115044      3392    .013584  
  115044      5808   .0125843  
  115044     31596   .0114082  
  162346      5135   .1090011  
  162346     14437   .1260007  
  162346     14912         .1  
   18677     65090       .122  
   18677     65092       .053  
  115044      7977   .0101145  
  115044     65092   .0129372  
  162346     13948         .1  
  162346    156819         .1  
   16486    163036         .1  
   12171      5606   .4872803  
   12171     20779   .4872803  
   63986     20779   .4290162  
   12171      1690   .7087713  
   63986      1690   .1233506  
   61028     28320   .2560019  
  125274      1300   .0955267  
    8213     18624        .19  
    9125      6565   .1442135  
  187714      2285         .1  
  187714     63477         .1  
  187714    213288         .1  
  187714      6774   .1100003  
  187714      7985         .1  
  187714      8972         .1  
    2751     18624         .1  
  162335     11259     .25583  
    2751      7241        .25  
    7171      7241   .1934641  
   31673     11264        .33  
   25536     11259        .16  
  147708     11259   .1000002  
   25536     29028   .0665801  
   63927     17934         .1  
   25536     64768         .1  
   28762      4016   .1640001  
   11017      8543         .1  
   11017    179621   .2334819  
   11017    212773    .121231  
    1094      7171   .1099993  
    1094     31673   .1599994  
   18468      4503        .14  
   18468    186989        .14  
  116029      4503        .14  
  116029    186989        .14  
   12833     12892   .1590002  
  124617    140760         .1  
   64063     11923   .2230001  
  124617     10846         .1  
  124617    200976   .0006799  
    3937    179621         .1  
  162876     18498       .119  
   24415      6669         .1  
   24415      8823         .1  
   24415     12395         .1  
   24415     25340         .1  
   24415    258869         .1  
    3813     25180          1  
  185645      9155         .1  
   65718      4839         .1  
   65718      5073         .1  
   65718      5691         .1  
   65718     17828         .1  
   65718     19113         .1  
   65718     19661         .1  
   65718    100737         .1  
  184323     25180          1  
   11584     25180          1  
  111873     25180   .8952236  
    7241      1177       .098  
   13646     12151   .0158156  
   31227     13506   .0226094  
    5342     11259        .16  
  178507    124434   .1189999  
   20477      4598   .1435544  
    6781      1380   .0194263  
    6781     62655    .006788  
    6781      2410   .0085476  
  174389      1177   .1399988  
  174389     27914   .2200004  
   16720     16700   .9999999  
    3429     12123         .1  
    3429     26144         .1  
    3429      2184         .1  
    3429    187775         .1  
    3429      9155         .1  
    4707      7241   .0968867  
    3429     28924         .1  
    3429    150139         .1  
    3429      7647         .1  
    3429      8007         .1  
    3429     27393         .1  
   17556      6733         .1  
   17556     30059         .1  
   17556      4072         .1  
   17556     63643         .1  
   17556      5109         .1  
   17556     11584         .1  
   17556     15520         .1  
   17556     64768         .1  
   17556    105547         .1  
   17556     12124         .1  
   22124      2136   .0750072  
   22124     10984   .0780038  
   22124     17874   .0959989  
    2735     29875   .1174112  
   22124    113490   .0769949  
   20534    177884   .1565889  
    6100      1690   .3599986  
   64766    117768         .1  
   64766    180711         .1  
   20204     25283   .1000005  
   20204      3813   .0599982  
   20204     11259   .0400023  
   24096      3813   .0720831  
    9273      2055   .2358935  
  163963    185689   .0589822  
    3562     32372   .0229999  
   23996     32372   .0421357  
    3562     20298   .0157764  
  182701      7912    .034537  
  155458     18629          1  
  182701     10793   .0235955  
   30637    158743   .0036114  
    7525      6375   .0021357  
   29984      8479         .1  
   18850      8551   .0133424  
   28323    178015    .009433  
  170714      8551   .0152494  
   65290     64891   .0253538  
   32751    119316   .0184908  
   29984      6435         .1  
    7525      6104   .0168258  
   29984      6104         .1  
   30298      6104   .0093398  
  176234      6104   .1200273  
  176234     29830   .2000455  
  182701     29830   .0301149  
  185339     29830   .0079426  
   22405    187084   .0052492  
  164132    187084   .0072436  
  185345     29751    .014363  
   30637      8530   .0080657  
   64821      2403   .0177337  
   64821      7257   .0168671  
   64821      8530   .0115435  
   64821     13599   .0193615  
   64821     25648   .0129452  
   64821    101204    .020106  
   64821    101310   .0183821  
  124046     24344   .0845335  
   23793    133504   .0095151  
    3562      1602   .0088217  
   13125      1602   .0300001  
   64821      1602   .0111643  
   64821     17998   .0133271  
   64821     21901   .0094139  
  124046     16101   .0039064  
  124046    141460   .0036022  
   18850     12151   .0193461  
  170714     12151   .0229303  
   30067      9667   .0642397  
   30298      8247   .0134325  
   30354     22134         .1  
   13562      4510   .0192163  
  182701     10466    .033174  
    5242     27373   .0419957  
   28323    140541   .0052924  
  185339     29015   .0123555  
   66354     23093   .0189919  
   30298    162701   .0082061  
  185339     15252    .010592  
    7063     25180   .1146525  
    7525     63892   .0048945  
   23793      1704   .0053876  
   64306     20779   .0144522  
  185549     20779   .0038205  
   65290      9818   .0358684  
  121382     23671   .0021483  
  182701     28853   .0185635  
   13579     30170   .0447807  
  185018     24800   .0187212  
   18071    184996   .0071814  
   29984      4839         .1  
    5242    102523   .0248054  
  155458      6946          1  
   24825      2285   .0339561  
   24825      5046   .0419983  
   22674     10983   .0033999  
   23793      6774   .0064333  
   32154      6774   .0190767  
    8148    110685         .1  
   23793      8972   .0041443  
   24825      7985   .0205531  
   24825      8972   .0098297  
  182701      7985   .0266852  
  183833    110685   .0075972  
  185549      4460   .0036846  
   64821    138205   .0230937  
  183833      3735   .0190637  
   30298     21352   .0061487  
  124046      7228   .0061797  
    8457     20196         .1  
   29082     20196   .0130489  
  155458      9135          1  
   30637      7951   .0041321  
  160991     35077   .0099603  
  183833     11649    .008608  
    7525      4598   .5240281  
   23996      4598   .0495983  
   29984      4598         .1  
   30822      4598   .0460756  
  183833      4598   .0299831  
  186783      4598   .0244807  
   13579    126296   .0864552  
   29984    144998         .1  
  183833    144998   .0106167  
   24825      9899   .0062546  
   30298      9899   .0066003  
  105365      9899    .095019  
  105365     13683         .1  
  105365     17874        .09  
  113490      9899         .2  
  113490     10984        .15  
  113490     17874         .2  
  121382     10984   .0893546  
  121382     13683   .0487062  
  160991      2136   .0169306  
  160991      9899    .013082  
  163963      9899   .0728647  
   23077    174490   .6819996  
  105365     19151         .1  
  121382    203944   .0647587  
  160991      2884   .0088153  
  160991    254338   .0085938  
   64306    165675   .0183705  
   65290    165675   .0762918  
   13562      3226   .0325673  
   30354      3226         .1  
  160991      3226   .0113337  
  160991    126136   .0077167  
   65290     13714   .0141049  
  175307     25056   .0255291  
   30298      4430   .0097168  
   18952      9848   .0311423  
  165209      6547   .0599969  
   17853     10981         .1  
   29984     10981         .1  
    7525      5288   .0007076  
   32751      1919   .0174645  
  183833     31673   .0145505  
    5149    163935   .1699836  
   13579     12892    .009331  
   30067     29736    .029171  
   28323      5680   .0076314  
    8457      4611         .1  
   11220      4611   .0201847  
   13189     25283   .0074267  
   18383     25283   .0057553  
   18850      4611   .0093958  
   20344      3964         .1  
   20344      4611         .1  
   20344      6307         .1  
   20344     25283         .1  
   22405     25283   .0057553  
   22459      6307   .0189966  
   22459     25283   .0229067  
   24330      6307   .2890825  
   28323     25283   .0086814  
   29099     25283   .0048447  
   33708     25283         .1  
  170714      4611   .0093958  
  170714     25283    .007056  
  266315     25283   .0082706  
    5242      4016   .0244528  
   13189     11259   .0078477  
   13189     31587   .0167215  
   15111     31587   .0073636  
   15111    171141   .0053724  
   18383     11259   .0080811  
   18383     12123   .0066534  
   18383     31587   .0130638  
   20344      3813         .1  
   22405     11259   .0080811  
   22405     12123   .0066534  
   22405     31587   .0130638  
   22459     11259   .0477259  
   27335      3813         .1  
   27335     31587         .1  
   28323      3813   .0285904  
   29099      3813   .0054627  
   29984     11259         .1  
   30067      4016   .0225514  
   30067     11259    .041108  
   30067     31587   .0164445  
   30822      4016    .037436  
   33708     11259         .1  
  185453     31587   .0052339  
  186783      4016    .028247  
  266315     11259   .0074935  
   29082    185645   .0060828  
   17626     11343   .0039233  
   18383      8815   .0101396  
   22405      8815   .0101396  
   27780      8815         .1  
   29099      6502   .0237148  
   29099      8815   .0251815  
  178539     17934   .0098344  
  185453      6502   .0037341  
  185549     17934   .0057957  
  266315      8815   .0190418  
    5242     64410   .0271322  
   12140     19071         .1  
   33542     64410         .1  
   30067     23809     .01911  
   66354    145977   .0193667  
    8457      6733         .1  
    8457     30059         .1  
    8457    184323         .1  
   18383     18675   .0102182  
   20059     18675   .0157387  
   20344      6733         .1  
   22405     18675   .0102182  
   24330     18675   .0291953  
   29082      6733    .041206  
   29868      6733   .0172489  
   29868     30059   .0068994  
   29868    184323   .0063248  
   34042      6733   .0230962  
  266315     18675   .0079287  
    8457      4072         .1  
   15111      4072   .0092007  
   25950      4072         .1  
   28323      4072   .0094646  
   29082      4072   .0205053  
  164132      4072   .0098115  
  266315      4072   .0110538  
   11340      9248         .1  
   15111      9248    .012041  
   18383      9248   .0081443  
   18850     29150   .0096068  
   22405      9248   .0081443  
   25950     29150         .1  
   25950     63643         .1  
   27780      4990         .1  
   27780      7922         .1  
   27780      9248         .1  
   28323      7922   .0123443  
   29082     25234   .0108903  
   29082     63643   .0091248  
   29099      4990   .0056575  
   29099      7922   .0075139  
   29099      9248   .0073362  
   29868      4990   .0103495  
   29868     63643   .0057493  
   33542     13381         .1  
   33708      4990         .1  
   33708      9248         .1  
  164132      9248   .0136084  
  170714     29150   .0096068  
  266315      7922   .0114013  
  266315      9248    .014761  
  266315     25186   .0067786  
    8457      5109         .1  
    8457     11584         .1  
   18850     11584   .0084639  
   20344     11584         .1  
   29082      5109   .0178564  
   29082     11584   .0259996  
   29868     11584   .0126487  
  170714     11584   .0084639  
    5763     25338   .0208801  
   11340     25338         .1  
   15111     25338   .0181497  
   17626     25338   .0082038  
   18383     25338   .0078495  
   20344     25338         .1  
   22405     25338   .0078495  
   24330     25338   .0117394  
   24330     26144   .0310662  
   27335     25338         .1  
   27780     25338         .1  
   28323     25338   .0113048  
   29099     25338   .0085446  
   33708     25338         .1  
  164132     25338   .0140519  
  266315     25338   .0172164  
    8148      5523         .1  
   15111      2184   .0078482  
   18383      2184   .0063473  
   20344      2184         .1  
   22405      2184   .0063473  
   22459      2184   .0282559  
   27780      2184         .1  
   29984      2184         .1  
   30067      2184   .0201019  
   33708      2184         .1  
  164132      2184   .0174986  
  266315      2184   .0087142  
   26410      3007         .1  
   26410     31846         .1  
   29099     25434   .0057476  
   30822      9155   .0115187  
  124046     25356   .0034908  
  178539      9155   .0121062  
    8148     14624         .1  
    8457    150139         .1  
   15111     14624   .0084869  
   15111     28924   .0050794  
   15111    150139   .0218277  
   17626    150139   .0041092  
   18383     14624   .0052233  
   20344    150139         .1  
   22405     14624   .0052233  
   24330    150139   .0275364  
   27335    150139         .1  
   27780     28924         .1  
   27780    150139         .1  
   29082     28924   .0082414  
   29082    150139   .0170713  
   29099    150139   .0046242  
   29868    150139   .0091995  
   29984     14624         .1  
   33708    150139         .1  
  164132     14624   .0071482  
  164132     28924   .0070778  
  266315    150139   .0102485  
    8457     15520         .1  
   20344     15520   .0197183  
   29082     15520   .0279616  
   29868     15520   .0091995  
    3562     64768   .0098003  
    7525     64768   .0253426  
   17853     64768         .1  
   25950     11511         .1  
   29984     64768         .1  
   30354     64768         .1  
   32751     64768   .0986112  
  183833     64768   .0206669  
   18383    178704   .0049811  
   22405    178704   .0049811  
   27780    178704         .1  
   29082    178704    .006573  
   29099    178704   .0043332  
  266315    178704   .0073551  
    3562      7647   .0636125  
    3562     17120   .0082616  
    5763      2968   .0083535  
   18952      7647   .0218924  
   21604     14275   .0203858  
   24825      8007   .0116172  
   26351     15532         .1  
   29099      2968   .0050979  
   29099      7647   .0052927  
   29099      8007   .0056815  
  146140      4723   .0463329  
  160991      2968   .0108371  
  163963      8007     .04961  
  178539      2968    .011349  
  182701      7647   .0381991  
  185453      8007   .0042753  
   18850     22165   .0060903  
  170714     22165   .0060903  
   21604     12124   .0254474  
   30637     64552   .0126661  
  175307     12124   .0100186  
   18850      6653   .0084491  
  170714      6653   .0084491  
   30637    166005   .0046098  
  160991    138743    .019001  
   63422      9611   .1128838  
   65290      4066   .0126243  
   64306    144520   .0120537  
    3562      7648   .0708914  
    3562     26494   .0081611  
   13562      6066   .0418608  
   18850      3382   .0074766  
   19966    186520   .0392825  
   24825      6066   .0062546  
   24825    126056   .0089359  
   24825    185881   .0178718  
   30637     34919   .0042763  
   64306     20088    .030052  
   64306     30736   .0229384  
   64306     33152   .0297748  
   64821     35013         .1  
   64821    170617   .0107824  
  160991      3336   .0107917  
  160991      6066   .0473532  
  160991    170617   .0500905  
  163963     18872   .0517005  
  163963     30091   .0311309  
  163963     33301   .0348325  
  170714      3382   .0074766  
  185018     26746   .0195251  
  185549      1878   .0288338  
  185549     33275   .0048142  
    3562     15855   .0080975  
   16116     12141   .1899976  
   32154     23818   .0068894  
   64306     24975   .0207462  
   64306    157855   .0314019  
  182701    272961   .0204332  
  185018    157855   .0185609  
  185549    157855   .0522614  
    7525     18683   .0096787  
   24825      2596   .0214469  
   24825     18683   .0116172  
  182701    121077   .0334016  
  185549    178083   .0072636  
   30298    141913   .0061487  
   30637     25157   .0068219  
   30637    176251   .0023058  
  185018     26367    .025135  
  182701    125863   .0235369  
   24330    177108   .0230876  
   27780    177637         .1  
   29082    177108   .0082414  
   33542    177637         .1  
  185018    147579   .0324912  
   13189     24861   .0081371  
   33684    164606   .0274618  
    5543    164652         .1  
   13125    164652   .0600002  
  110179    164652   .0429999  
  124046    164652   .0087786  
    5543     23109   .0300001  
   24533      7741   .1284503  
   25665     23109   .0489479  
  110179     17239       .035  
  124046    146500   .1894915  
   16125     12589   .1024778  
   21867    178698   .0426045  
  187690      7750   .0175096  
  187690     23714   .0161769  
   30298     24396   .0105936  
   18071    156633   .0091861  
   32154     12441   .0309534  
  124046     17928   .0046823  
  124046      2940   .0046698  
    7525      5047   .0085752  
  146140      5047    .033518  
  120794     65092   .0572451  
   28930      7063   .1224588  
  260298      9611   .1128856  
    4423    176591        .08  
    5539     23109   .1926206  
   30547     16478    .149998  
  175110      1045         .1  
  175110    220487         .1  
  176092      1045   .0707733  
  176092     13145   .5781474  
  176092    101475   .0428627  
  176092    205809   .0418659  
  176092    220487   .0388755  
  177943     14489         .1  
  177943     20779         .1  
  177943      1690         .1  
  177943      9899         .1  
  177943     64768         .1  
  177943     10035         .1  
  177943     15784         .1  
  177943    105547         .1  
  177943     12124         .1  
  177943    124434         .1  
  177943    144496         .1  
  177943    139665         .1  
  177943     14370         .1  
  177943     61179         .1  
  177943      6066         .1  
  177943     12141         .1  
  177943     12142         .1  
   22000     32372   .0802844  
  186129     14489         .1  
  124036     20779    .159998  
  186129     20779   .1400017  
  125595      7114         .1  
  125595     10622         .1  
  125595      1690         .1  
  125595     24800         .1  
   21761      5073        .09  
  187122    184996   .0534109  
   31091     35077         .1  
  149721     28191         .1  
   18626      9882         .1  
   21816      1045         .1  
   21816      3851         .1  
   21816     10484         .1  
   21816    220487         .1  
  125595    147305         .1  
  149721     10484         .1  
  149721    101475         .1  
  125595      4598         .1  
   20699    126296         .1  
   29537    126296   .3600004  
  149721    157413         .1  
  199356    126296         .1  
   20330      9899   .1099994  
   64480      9899   .1000007  
  125595     13683         .1  
  125595    165675         .1  
  125595     20942         .1  
    1878     12171   .4650035  
   31091    122519         .1  
  125595     64768         .1  
  177315     64768         .3  
   18050     15576   .2376436  
   18050    144496   .2308922  
   22708    145046         .1  
  125595     28930         .1  
   15704      7163   .0371817  
   20699    119314         .1  
   29537    119314   .3900003  
   32469    114524   .1049993  
  125595      1878         .1  
  125595    114524         .1  
  125595    170617         .1  
  199356    119314         .1  
   18626     16721         .1  
  125595     12141         .1  
  125595     12540         .1  
  125595     16721         .1  
  186129    178083   .1299992  
  125595     24616         .1  
   24135     32930         .1  
  125595    147579         .1  
  125595      5047         .1  
   10305      3243   .2816438  
   17553      6266   .1500013  
   64630      9818         .1  
  126318      1690   .6900044  
  176782      1690   .5470003  
  180405      1690        .15  
  187576      1690   .5099999  
   24975      6008       .154  
   61321     10984   .8100057  
  111880      9899        .27  
   21002    220940         .1  
   63938    160549   .4759302  
  109186    156155   .0600104  
    1562      5680   .0764171  
  116166      3813   .1300145  
   26677      7647   .0541228  
   24937     12726   .0791506  
   27318    170617   .0699714  
  180405    137435         .1  
   16721     12141   .1664646  
   64630     12141         .1  
  133766     23714         .1  
  178083     14489   .3194164  
  135965      2136   .1700003  
  135965      9899         .1  
  121077     12171   .1159999  
  121077    156155       .108  
  178083     12171   .1813203  
  178083      1773   .2174964  
   20496     13683        .39  
   62266      2136         .1  
   62266      9899         .1  
   62266     13683         .1  
   62732      9899   .0507392  
   62266      3226   .2525544  
   62266     24724         .1  
   62266     60900   .0914224  
   62266    126136   .2045576  
   62266      2968         .1  
  185375      2002   .4115725  
  194956      4640        .02  
  177983      5047   .0893798  
  184392     11259   .3699996  
  264397     11264         .1  
  183312     63639    .130978  
  264397      6116         .1  
   28378     11259         .1  
  155616     11259         .1  
  155616     64768         .1  
  200480      5073         .1  
  200480      3221         .1  
   61490      8530   .0605898  
   24396    176503         .1  
   24396     27914         .1  
    7759      2403         .1  
    7759      7257         .1  
    7759      8530         .1  
    7759     20779         .1  
    7759      9203         .1  
    7759     10499         .1  
    7759      4839         .1  
    7759      5073         .1  
    7759     10983         .1  
    7759      7366         .1  
    7759    211819         .1  
    7759      7647         .1  
    7759     10187         .1  
    7759      2547         .1  
    7759     12141         .1  
    7759      5047         .1  
  179184      2136         .1  
  179184      9899   .1699905  
  179184    135484   .0600017  
    7152      8272         .1  
  179184    113490   .1499899  
  141359    170841         .1  
  141359      1447         .1  
  141359      3243         .1  
  141359    127774         .1  
  141359    133768         .1  
  141359      1177         .1  
  141359     20423         .1  
   19998     19600   .0153281  
   66588      7228   .1600029  
   26545    148350   .0379205  
   26545    174360   .0071312  
   26545     32273   .0061855  
   26545     61188   .2928448  
   26545    170375    .153887  
   26545    146500   .0242976  
  143357     32372   .0371361  
    2176     11259   .0288399  
