    3702      2663   .2027399  
   13468      6830   .3763747  
   13468      6506   .2412361  
    2249      9548   .0621079  
   12750      5060         .1  
   12750     11259         .1  
   19965      8675   .1330789  
   13097      6104    .440564  
   13156      5862   .2689677  
   20257      3235    .435248  
   20257      1789    .166596  
   11107      4371         .1  
   14011      4371         .1  
    4878      1789         .1  
    7743      4856   .1823561  
   11440      5135   .0815404  
    7815      8290   .1717225  
    1797      8626   .1190476  
    1527      9653   .0574742  
    2073     11038    .137359  
    3400      7620   .0842493  
    4052     11038   .1668251  
    4614     14228   .1204149  
    5757      9653   .1065398  
    6896      7620         .1  
    8049      7017   .4759009  
    8521      9653   .2790522  
    8627      7017   .2792779  
    9022      9653    .327736  
    9437      7017          1  
    9505      7017   .1111111  
   10673      9653   .2001379  
   11010      7017   .1245675  
   12039      7620   .1600143  
   12044      7017   .1050949  
   13130      9653   .1173265  
   14251      7276         .1  
   20064      1678   .0635086  
   21493      4844   .0899705  
   21963      8368   .1988899  
   22999      6403   .1299928  
    6047      5134   .1538462  
   13551      4371   .5805115  
    2128     11559   .3914255  
    7276      2593   .1368733  
    1544     15257   .0341715  
    2073      7475   .3445491  
    2677     15150   .9189008  
    2697      9652         .1  
    4166      1537   .2173058  
    6855      7475   .0671642  
    7159      2991   .4359173  
    7276      7008   .1577684  
    7934     10482         .1  
    8324     15257   .1354904  
    8521      2991   .4289625  
    8708      9652         .1  
    8708     10480         .1  
    8708     15150         .1  
    8838      2991   .1005142  
    8838     10482   .1762368  
    9406      7475   .0623494  
    9406     10482   .1403086  
    9802      9652   .8775693  
    9859      4503   .5212555  
   10148     15257   .3500785  
   12040      2991   .1626067  
   13130     15257   .1273274  
   14114      4503         .1  
   14251     15257         .1  
   14344     15150         .1  
   14608     10482    .286615  
   15060     15257   .1820208  
   15284      4503          1  
   15291      4503   .1003344  
   15291     10482    .329918  
   21791      4503   .2707817  
   22323     15257   .1704658  
   23976     10482   .1001353  
   15204      2189   .1289199  
   10938      1365          1  
   15291     10165   .2199454  
    7912     10490   .1843843  
    8627      1048   .2127159  
   13763     13277   .4800587  
   22255      9810   .0500043  
   22323      1048   .1000991  
    4166      7904   .1175439  
    2697      8001         .1  
   14228      2547   .2163073  
   12508      5047         .1  
    1143      9653         .1  
    2304      2286   .1570089  
    9258      9653   .1356337  
   10306      2437    .105782  
   11644      9653    .106957  
   11925      7017         .1  
   14908      9653   .1293008  
   15759      9653   .0041699  
    1143      2991         .1  
    1143     10482   .6300337  
    2270      2991   .1457141  
    4367     10482   .0819436  
    4367     15257   .0999982  
    5187     10482   .1504613  
    9258     15257   .1400005  
   10306      2991   .0944882  
   10306      4503   .1604245  
   10306      7475   .0746389  
   10306     10482    .061401  
   10306     15257   .2410583  
   11644     10482   .2883865  
   11925      2991         .1  
   11925     10482         .1  
   11925     15257   .3944244  
   14458     10482   .0535846  
   14908      2991   .1648302  
   15759      4503         .1  
   15759     10482   .0056253  
   11644      2189    .070318  
    3600      1365   .4803821  
    3949      7475   .1400009  
   13174     15257   .4202085  
   23129      7475   .1285342  
    9623      7276   .1094303  
   21237      9653   .1074726  
    9623     15257   .0800121  
    9835     10482   .0120803  
   21237      7475         .1  
   12256      3955         .1  
    8095     10970   .0295641  
    8095      1755   .0467057  
    8095      6537   .0613214  
    5936      5135   .1315063  
    8947      6307   .0928855  
    5936      8248   .1443869  
   13471      8626         .1  
   13471     13566          1  
    7567      5073   .1810827  
   12595      8972   .1296928  
   12595      3813   .1494786  
   11409      9177   .1809524  
    8451      2189   .1298112  
    5978     12567   .1910128  
   23195      7475   .0441574  
    2497      4961   .1424931  
   14337      5135   .1123891  
    2340      1848   .1396885  
    2340      7475   .1057703  
   21439      4839         .1  
   21439      5073         .1  
   21439      7155         .1  
    8028      7366   .0999984  
   13233      5073         .1  
   13233      6066   .0776387  
   11519      6502         .1  
   11519      7154   .1039999  
   13798      3813         .1  
    4050      7154         .1  
   12614      5208   .0538147  
   13318     10190   .0725995  
   23950     10247         .1  
   13324     16603   .2687519  
    4078      9359   .0545372  
   13930      6502         .1  
   12282      2663          1  
    3245      6375   .1302065  
    6573      4839         .1  
    3657      1193   .0006313  
    6029      2991         .1  
    6029     15257   .1558789  
    1462      8479   .1099974  
    1498      8479         .1  
    4809     11535   .0729446  
    8336     11259         .1  
   11791      6502         .1  
   11791      6834         .1  
   11791      9359         .1  
   24755      7154         .1  
   14932      8479   .1354537  
   15273      8479    .089045  
   20789      9359   .1501502  
   24394      7154         .1  
    3642     11465         .1  
    3642      6066         .1  
   15275     14550   .1083366  
   14550      6307   .1078182  
    3622     11259   .1174774  
   12547     13085   .0385954  
    1235      2086   .1989207  
   14426      4839         .1  
   14426      5073   .2069744  
   24399     11259         .1  
   24399      9155         .1  
   14520      7889   .0434594  
   14520      7475   .0879983  
   10764      6307   .1090442  
   12325     11259    .339999  
   13495     11259   .1273137  
   11486      3022         .1  
   11486      4839         .1  
   11486      5073   .1751364  
    2788      4768   .0799981  
    4993      6307   .0999992  
    6768      6928    .109264  
    8193      6307         .1  
    8219      6307   .1162411  
    8551      6307         .1  
   19402      6307         .1  
   22324      6928          1  
   23198      6928         .1  
   23577      6307   .0614659  
    4993     11259   .4254046  
    6468      3813   .0998097  
    7018     11259   .0971216  
   12231     11259   .1299949  
   23062      3813         .1  
   23062     11259   .1799414  
   23577     11259   .2810809  
    8551     12631         .1  
   21345     14908          1  
    5456      6307         .1  
    7617      6307   .1345519  
    9382      6307   .1053857  
    5456     11259         .1  
    4547      6307   .1344194  
    6376      6307   .2484466  
   12867      6307   .1099931  
   21950      6307   .1045342  
    2113     11259   .1944034  
    9290     11259   .1360949  
   14936     11259   .2366998  
   18701      3813         .1  
   18701     11259         .1  
    9402      6307   .1448155  
    7644     11259    .060002  
    9402     11259   .1199997  
   13435      3813         .1  
   13435     11259         .1  
    1278     11259   .1127355  
    7889     11259   .1200128  
    7001      5680   .1100522  
    8386      9761   .2739331  
    8386      4768         .1  
    4071      6307   .1700049  
    7495      6307   .1100011  
    8101      6307   .1196991  
    2508      6307   .2185338  
    9243      3813    .115046  
    6433      6066   .1299996  
    4055      3022   .4175348  
    4055      4839   .3280087  
    4055      5073   .0988985  
   16477      3022          1  
   16477      4839          1  
   16477      5073          1  
   25187      3022          1  
   25187      4839          1  
   25187      5073          1  
    6038     10983          1  
   12787      5680   .1100112  
    6038      5047          1  
    9649      5662   .0095834  
   13642      9514    .276114  
   15339     13302   .5278811  
   15339      8331   .1970049  
   15339      9104   .1130005  
    3421      5073   .1315194  
    5133      9004    .085548  
   10116     11259   .1892237  
   24325      9818         .1  
   23948      6375   .1101098  
   23948      2034   .0660659  
   13620      2285   .1491328  
   12380      7267   .1253323  
   19103     10705   .1136971  
   12546      6307   .1294299  
   12895      5134   .1528682  
    1533     10983    .194181  
    2207      5743   .1859777  
   14380     11535   .1548338  
   14549      6081   .1045767  
   13085      5589    .077567  
    5826     15257      .1336  
    5608      2285   .1895866  
    5811      5047   .1041445  
   13704      4436   .5500726  
   12575      2111   .1795501  
    1359      8530   .1464341  
    3011      6266    .244603  
    5336     10243   .5793394  
   11949      6730   .0718825  
   12828      8530   .8469945  
   13308      6730   .1775102  
   14290     15708   .0226648  
   24068      7257   .9586524  
   24174      6730    .952381  
   24661      6730   .9556527  
   23812      1602   .6949947  
   10902      7077   .0140903  
   14566      1485         .1  
   14566     10980   .2458501  
   15186     18366          1  
    7040      7171   .1772383  
   16488      7171   .1439199  
   24689      7171   .1544118  
    2950     11259   .0826893  
    8526      9155         .1  
    8526     13961   .5543582  
   13599      5047   .5377575  
    5902      6266   .8421269  
   12180      8530   .5281022  
   12274      6730   .1799156  
   12381      8530   .1404008  
   12381     10243         .1  
   13235      6730         .1  
   14622     12275   .0403756  
    2897     11636   .0841243  
   12283      7409   .1265621  
    7526      2111   .1978228  
   12180      2111   .2898537  
    7503      6096   .2307242  
   12283     13204    .288753  
   14186     13204   .1199861  
   10401      5288   .1603423  
    2897      1594   .1375856  
   13786      9514   .2921931  
    1602      6266   .0087609  
    5885     20784   .2500162  
   12181      7257     .66668  
   12252      8530   .7335714  
   12275      2086   .1636471  
   12397      8530    .613188  
   13282      6730   .9729451  
   15414      2086   .1044087  
   17101      7257          1  
    4409      1602   .0588466  
   12759      2846         .1  
  119053    119053   .1097924  
   12181      5169   .0723224  
   12252      2230         .1  
    3888      6307   .4581021  
   15130      2267   .2964679  
   15130      5554   .1746767  
    8073      4137         .1  
   14572      7148   .0080752  
   23133      7148   .1099946  
   11930     13961    .049989  
    8247      5073   .0948832  
   15110     14124   .0737205  
    1244      5250   .4919054  
    1585      2991   .1510155  
    1244      4839         .1  
    1244      5073         .1  
   15426      3022         .1  
   15426      4839         .1  
   15426      5073         .1  
   21116      3911   .1322751  
    5903      4503   .0380068  
   19427      3051   .1303857  
    5234      3022         .1  
    5234      4839         .1  
    5234      5073         .1  
   14635      5073        .18  
    9004     11584   .1206429  
    3200      3022         .1  
    3200      4839         .1  
    3200      5073         .1  
   11618      3022   .0304551  
   11618      5073         .1  
    4819      2285   .0508022  
    2264      5073   .2742297  
    5508      3022   .0465728  
    5508      4839   .1612563  
    5508      5073   .1454845  
   20893      5073   .1120141  
   11376      2111   .1105472  
   22817     11259   .2048948  
   13218      1912    .106716  
   14961      4503   .1872382  
   14961      7475   .1156102  
   12204      2721    .028474  
    6431     11259   .1824428  
    8226     11259         .1  
   12204      6066   .0348168  
   12148      5589         .1  
   12148      1470         .1  
    8197      4839   .3489577  
   12133     11259   .1756885  
   12284      8479   .2487992  
   10515      7692         .1  
    8465      4510   .1095815  
    3284     11636   .1734971  
    8329     14620   .1299978  
   11591      5073   .4495837  
   21701      2285         .1  
    3765     13204         .1  
   21701      5772    .004633  
   11591      7691   .1542169  
   14883     11259   .0490076  
    9629      4218   .4685758  
   22205     11584   .2524434  
    9932      3532   .2128032  
   14462      3022   .1179613  
   14462      4839   .3040223  
   14462      5073   .1907801  
    8957     11259   .1242421  
   21444     10970   .0763325  
   21444      2189   .0938675  
    8105      3121   .1622087  
    2888      7077   .0100168  
    8105     11259   .1096802  
   10044      5073   .1220619  
   11600      3022         .1  
   11600      4839         .1  
   11600      5073   .1182886  
   12094      1225         .1  
   15195      2811   .1999981  
   12094     12604         .1  
    8783      1755   .1553443  
   17967     13986   .1748631  
   14214      2817   .1144225  
    1755      5073   .1582128  
    6531      5073   .0770695  
    6537      5073   .0861414  
   13351      5073   .1165273  
   24321      5073   .1268657  
    6531      2285    .041876  
    2541     10867   .1100015  
   13327      2811   .2346748  
    6044      3022   .1893928  
    6044      4839   .2199997  
   10132      3022   .1200301  
   10132      4839   .2804586  
   10132      5073   .1010406  
   23420     15102   .0044468  
   14014      5073   .1109995  
    8100      5047   .5281727  
    8051      8123     .20032  
    8179     13632   .1425785  
    2535     10816    .119733  
    1012      4839   .1858394  
   12254      1485   .1014322  
   12254      3473   .1920241  
   12254      4961   .1989382  
    1331      5047     .63068  
    4568     10983   .1050006  
    1988      8479       .095  
   11138      6307   .1151957  
   13754      6307     .60093  
   13313      8939   .0213622  
    5805      4768   .2765253  
   13313      3167   .1236274  
   12158      6066   .3306617  
   12158      2504         .1  
    7953      6375   .2068841  
   12143      3955   .2351492  
   12143      8287    .109499  
   15108      5047    .098975  
   15127      6307         .1  
    4149      6403   .5495145  
   13379      6802         .1  
   13379     14832         .1  
   17418      8123         .1  
   17418      8960   .1910041  
   11413      3022   .2707242  
    4625      2817   .1330622  
    2457      3022   .1400784  
    2457      4839   .2149542  
    2457      5073   .2799998  
    4250      4839   .1724053  
    4250      5073   .1791224  
    4607      4839   .3396308  
    4607      5073   .4162827  
    4625      6081   .2063332  
    7324      3022   .2942426  
    7324      4839   .4258298  
    7324      5073   .2095216  
    4625      3734   .0897667  
   11661      4510         .1  
    1009      7475   .1299835  
    1009      3022   .1465246  
    1009      4839   .4149743  
    1009      5073   .1899956  
    5758      3022   .1980601  
    5758      4839   .5534339  
    5758      5073   .2179288  
    6841      5046   .1458849  
   11615      2285   .5112928  
   11615      7155         .1  
   13632     10983   .2300017  
    6841      8972   .2649678  
   11524     11259         .1  
    6589      6066    .403906  
    6841      2504   .1214745  
   11615      5047         .1  
   11661      5047         .1  
   13632      5047         .1  
    7107      2189   .2388124  
    7107      5073   .1204799  
   13439      3022   .8696591  
    7762     11259   .2045835  
   13719      9653   .2580225  
    3650      6081   .0879084  
    6507      3022   .2144328  
    1783      4510   .0432828  
   14954      3835         .1  
   14954      2817         .1  
    5434      3835   .2762295  
    1754      3022   .4318271  
    1754      6307   .1254287  
    2553      2817   .2999978  
   13569      2817    .106795  
   15126     14878   .1112952  
    2295      7475   .2161017  
   24841      4503         .1  
    8018      1048   .2908497  
    2241      2189   .2203833  
    4574     11465   .1900348  
    1297      3022         .1  
    1297      4839         .1  
    1297      5073   .1800005  
    9556      5073          1  
   12161      3022   .1547864  
   12161      4839   .1778027  
   12161      5073   .5981278  
   16475      5073   .1445649  
    8035     10519   .0783857  
   13194      5680   .2200085  
   13194      6829   .1799867  
    8229      6307   .1840094  
   13194     11259   .1199709  
    3610      4839   .3168601  
    3610      5073         .1  
   24441      6229   .1195055  
   14004      8004   .5776057  
   11206      5860         .1  
    6509      7585   .1217834  
    9029      7585   .1199807  
    9718      7585         .1  
   10740      7585         .1  
   14623      7585   .1443588  
    6911      9599   .1375857  
    9718      6008         .1  
   10740      6008         .1  
   14898      1608         .1  
    1103      5073   .1869683  
    8707      3022   .1227465  
    8707      5073   .0604789  
   11206      5073         .1  
   11825      5073   .6216814  
   14004      4839         .1  
    9997      7155   .1878359  
    8927     10809   .4978175  
    1704      6066   .1574063  
    6565      6066   .1071794  
    6911      6066   .4570465  
    8637      6066   .2834212  
    8927      6066   .1063172  
    9029      6066   .2263721  
    9718      6066   .0934968  
   10740      6066         .1  
   11206      6066         .1  
   14898      6066         .1  
   15160      6066   .1812901  
   15293      6066   .2328786  
   15331      6066   .2439187  
    9997      5047   .3140344  
   11349      5250   .1830933  
   10777      2817   .1804491  
    3885      5860         .1  
    3885      5063         .1  
    3885      5046         .1  
    8315      8007   .1880361  
   11302      6066   .5530937  
    7822      2285   .0738154  
    7822      8972   .0260203  
    3910      9545   .1688278  
    5621      4839   .6475636  
    5293      6307         .1  
   10741      6307   .2463249  
    8934      7585   .1399567  
    8934      4839         .1  
   10349      4510   .1369158  
   12524      6531   .0792823  
   10349      1789         .1  
   12524     11465         .1  
   12524      4839   .1472981  
   12524      5073         .1  
   10349      2285   .1289332  
   24383      2285         .1  
   14888      5650         .1  
   12136     10622         .1  
   13615      7155   .1913008  
    3314      2860   .1423552  
    1055     13501         .1  
   20969     14405         .1  
   10107      6066   .3061531  
    1055     13525         .1  
    3314      2504   .1648578  
    7952      2504   .1174102  
   13315      2504   .1960207  
   14888      2504   .6946163  
    4781      5047   .0867803  
   12921      8479         .1  
    1724      3955         .1  
    7123      3955   .1143435  
    7333      3955   .1959997  
   16729      3760         .1  
   12764      3282   .1690075  
   14377      3282     .25221  
   24608      7123   .2600005  
   12921     11636         .1  
   14377     10622   .1000003  
    4077      7585   .0242985  
   12921      5361         .1  
   11139      8643   .1399326  
    6169      7328   .1499987  
    6169     14895   .1199997  
    3047      6066   .3548225  
    7123      6066   .1030101  
    9545      6066   .1299198  
   11399      6066        .05  
   16729      6066   .1123383  
   16729      7648         .1  
   16729     11278         .1  
    7333      2504   .1149987  
   11681     11636   .1200111  
   23004      2504   .0070158  
   12718      9653   .1437786  
   19854      6506   .1099989  
    3048      3760   .1514702  
   19854      3955   .1183688  
   23987      3955   .2954681  
    6309      1392   .1670516  
    3148     10553   .1177105  
    9582     10553   .1200003  
    6309     11636   .1299791  
    6130      7585   .0963416  
    9582      7585   .1100067  
    4146      2285   .2298108  
    3148      3473   .1028908  
   23956      1485         .1  
   13265      2860   .1083325  
    3961     12171         .1  
    3961     14895    .149998  
   24093     12171   .1000054  
    4340      6066   .0200028  
   13011      6066   .2064692  
   15353      6066   .1838329  
    3048      2504   .1560509  
    3986      3955   .0531036  
   14958      9545   .1560423  
    8846      2721         .1  
    8846     11636         .1  
    8562     10422   .1799927  
    3781      2285   .1179918  
    3781      8972   .0885563  
    7416      4961   .0236522  
    3787      1919    .172733  
   12472      6307   .0832644  
    8846     10408         .1  
    7335      1878    .133574  
    3781      2504   .0980178  
    7416      2504   .1199953  
    8940      2504   .1660596  
   12329      5047   .0296167  
    8334      7154    .339959  
   14922      9757   .2286079  
    3370     13961   .1910196  
    3370     11278   .1533377  
    5253     11636   .1798948  
    5253     10622   .1575338  
    5253      9135   .1584136  
   15761      6307         .1  
   21534      6066   .4913478  
   12255      8479         .1  
   13408      6066   .3777404  
   24517      8874   .1510067  
    6268      8479         .1  
   23498      3282         .1  
   13008      4595          1  
    6268      3022         .1  
    6268      4839         .1  
    6268      5073   .1956636  
    6268      6307         .1  
   10386      6307         .1  
    6268     11259         .1  
   21542     11259   .5536026  
   12051      3051   .0167355  
   13611      7154   .2476766  
   21542      7154   .3044814  
    6268      6066         .1  
   11103      4321   .2736199  
   11145      6066   .1087451  
    6159      9048    .179586  
   13373     11535         .1  
   13373     14642   .4217106  
    1099      6307   .0900026  
    9965      5288   .1043358  
    3372      7081   .1100196  
   12831     10482         .1  
    3372     10618   .1000218  
    4199      4839   .0664786  
   14565     12171   .1199943  
   14569      5288   .0829563  
   13444      6066    .137311  
   11580      5047   .2951297  
   22772      1243   .7622036  
    9619      5046   .1205544  
   14913      2285   .0345627  
   14913      5046   .0188825  
    5549      4839   .1799928  
    9771      3022   .1462637  
    9771      4839   .1954282  
    9771      5073   .1756462  
    8743      6307   .6599945  
   11465      6307   .2569479  
   12739      6307   .1357954  
   14620      6307         .1  
   24382     11259   .1119991  
   24079      5558         .1  
   24079      5680   .4599275  
    5572     11259   .0828612  
   22087     11259   .1415011  
   12871      7922    .137573  
    3020     14228   .0721033  
    6527      1537   .1100001  
    6527      2991   .1599947  
    6571      5073   .1199995  
   21552      6307   .1566948  
   12788      3022         .1  
   12788      4839   .1219005  
   15135      3022   .8817787  
   15135      6307   .1567568  
    9715      7431   .0835487  
   11064     11636   .0755488  
    7327      8337    .088504  
    3705      7585   .1506993  
   13608      6512   .0869975  
    6023      5046   .2228261  
    9068      2285   .2610203  
   13608      7155   .1000215  
    9715      6774   .0694183  
    3229      1318   .1740629  
   10388     10984   .1421278  
   20903     10984    .125999  
    3229      8283   .0069438  
    3705      6864   .1410896  
    4169     10980   .2655015  
    4292      4961   .2100917  
    8681      8044   .1386266  
   10263      6864         .1  
   10388      2146   .0932345  
   10395      8287   .3696316  
   12052      2141   .1725254  
   12052      8286     .11642  
   13608      3473   .1100101  
   13939      1485   .2263558  
   13939      8287    .067794  
   14264     10980   .1499981  
   20903      4961   .1789877  
   24543      8044   .1099988  
    3229      5288   .5096841  
    3275      5288   .1018583  
    9068      5288   .0623969  
    9068      6196   .0153713  
    4123      1107         .1  
    4123      3552         .1  
    4123     10639         .1  
   22170      2024         .1  
    1013      6066   .1258771  
   21204      6066   .2680153  
    3306      2504   .1500392  
    4279      5860   .1810867  
    1281      7585   .0282374  
    3831     10010        .16  
    3031     14278   .0643282  
    1281      4839    .082365  
    1281      5073   .0725841  
    1281      6913   .0385058  
    3820      3022   .3189321  
    3831      5492        .15  
   18549      5492   .4434406  
    1037      6864          1  
    8917      4961   .0381934  
   12212      4961         .1  
   14019      2839   .2672956  
    4128     11259   .1309898  
    6467      3813   .2072398  
    7268      5047   .1700251  
   10286     13939   .1000172  
   13928      7585   .4058933  
   12925     10006   .1699823  
   13923      3022   .1109474  
   13923      4839   .0672162  
   13923      5073   .1550563  
   13497      7155   .1516209  
    9308      2574   .1674942  
    9308     10867    .114652  
   13497      4961   .1441817  
   14834      8007         .1  
   12358     15349   .0900521  
    6416      3282   .2280534  
    9313      9545   .1374016  
   12653      6786   .2126538  
    2577      5073   .1595246  
   12653      8972   .2478721  
   12677      4961    .109801  
    2577      6066   .1207213  
    9313      6066          1  
    9313      6066   .2982718  
    6416     11278   .0729244  
   23084      1945   .1250469  
   13891     12711   .1045902  
   15944      7431   .1648949  
   23084     11064   .1278846  
    8365      7585   .3771953  
    9650      4839   .1357297  
    1264     10301   .1149554  
    1264      5046   .3173577  
    1264      7155   .0999504  
    1888      6774   .1189645  
    1888      7077   .1470994  
    8365      6774         .1  
   23084     10391   .1192879  
    1137      6066   .1839157  
    3756      6066   .1158416  
    5420      6066    .105997  
    8365      6066   .3239399  
    9216      6066   .1718734  
    9650      6066   .1232251  
   12945      6066   .3582488  
   13780      6066    .669987  
   13891      6066   .1166983  
   17110      6066   .2281971  
    8365      5047         .1  
   12945      5047   .2487495  
   15944      5047    .167827  
    7330      7692         .1  
    2345      4510   .1782863  
    5404      3955          1  
    5404      3955   .1000585  
    5818      3955   .4635976  
   16401      9545   .0532591  
    4352      2721   .5895998  
   14146     11636   .1199975  
    7330      6008   .1359245  
   11695      6008   .3223258  
    1707      6774   .7150337  
    9799      8972   .0985159  
   11907      4159   .1687465  
    4476    100598   .0129345  
   16597      1773   .0638444  
    5973      6066   .1729462  
    6008      6066   .1121849  
    9598      6066   .1704476  
    9724      6066   .0701495  
   11062      6066    .120593  
   13200      6066          1  
   13941      6066   .1227447  
   12234      2504   .1195931  
    1707      5047        .12  
   10619      8972   .1551822  
   24165      6066    .519998  
    7291      3022   .0888719  
    7291      5073   .1863865  
   12179      5046   .1397327  
    5932      6774   .1506606  
    5932      8972   .1255691  
    5932      5047   .0720971  
   10359      4510         .1  
    4962      5860   .0640475  
    5070      5860   .1453776  
    1703      3955   .1096538  
    3300      3955   .3406328  
    5448      3955   .1595979  
    3783      5245   .4009604  
   10361      3282   .3129907  
    1703      7123   .1200003  
    1703      7431   .1296528  
    5791      9545   .2139345  
    4962     10553   .0238047  
    6956     11636   .9110385  
   13423     10622   .0488024  
   11408      4199   .1153735  
    6408      6492   .0826368  
   14589     14252   .1555378  
    4467      3022         .1  
    4467      4839         .1  
    4962      3022    .097453  
    9922      4839   .1681144  
    9922      5073    .139711  
    4467      7155    .101064  
   10359      7077   .1353123  
    5070      6807   .1194101  
   12482     10304   .0916861  
    1703      6066   .1600004  
    4623      6066   .1129904  
    5448      6066   .2909417  
    5791      6066   .2849436  
   10276      6066   .0223419  
   10361      6066   .3894715  
   10361     11278   .1146391  
    3783      2504          1  
   10681      5047   .0499428  
   24401      6807   .0598739  
   13176      2111   .2586129  
   13906      6307         .1  
    6205      6066   .1376147  
   11310      6066   .1132936  
   23890      6066   .1499707  
    6205      5047   .1917707  
   11645      9545   .0989053  
   13369      7123   .2404253  
   13369      7431   .1349135  
   13609      7123   .1600052  
   13609      7431   .4199974  
   11796      9761         .1  
    9919      4510   .2795796  
    4838      4839   .4945363  
   11796      4768         .1  
   11796      5680   .0185494  
   11796      6307         .1  
   18563      5250         .1  
   18563      3532         .1  
    8046     15426    .144316  
   24384      5589   .1465332  
   24384     15426   .0779843  
   15751      3835   .0962269  
    4036      2817   .1082396  
    4168      2817         .1  
    7486      2817         .1  
   15313      2817   .2672067  
    1372      5073   .2013973  
    1786      4839   .1653845  
    1786      5073   .1181003  
    2343      3022         .1  
    2343      4839         .1  
    2343      5073         .1  
    3734      4839   .1471823  
    3734      5073   .0947215  
    4168      3022   .0142991  
    4168      4839   .1947374  
    4168      5073         .1  
    4479      3022    .097034  
    4479      4839   .5835946  
    4479      5073   .1069825  
    4600      5073   .1087829  
    5116      4839         .1  
    5116      5073    .579792  
    6210      5073   .1200006  
    6482      3022   .9459693  
    6482      5073   .0409323  
    6946      3022          1  
    6946      3022   .2099998  
    6946      4839          1  
    6946      4839   .2700003  
    6946      5073          1  
    6946      5073   .3699998  
    7086      3022   .1030512  
    7086      4839   .1397854  
    7086      5073   .1528456  
    7099      3022         .1  
    7099      4839   .0356974  
    7099      5073   .0277809  
    7486      3022         .1  
    7486      5691   .3865456  
    7873      4839   .3719201  
    7873      5073         .1  
    9656      3022   .1775844  
    9656      4839   .3447239  
    9656      5073   .1775844  
    9742      3022    .157536  
    9742      4839   .1944998  
    9742      5073   .3590765  
   10004      3022         .1  
   10004      4839         .1  
   10004      5073   .6855784  
   10195      3022         .1  
   10195      4839   .6937997  
   10195      5073   .1300869  
   10279      3022         .1  
   10279      4839   .5499977  
   10279      5073         .1  
   10301      4839   .0777351  
   10301      5073   .0564581  
   10732      4839   .4699973  
   10732      5073         .1  
   11219      3022         .1  
   11219      4839         .1  
   11219      5073   .5517938  
   11261      3022   .1962521  
   11261      4839   .2917072  
   11261      5073   .0299975  
   11915      3022   .0554728  
   11915      4839   .1490549  
   11915      5073   .3448972  
   13692      3022    .121503  
   13692      4839    .070356  
   13692      5073   .5924719  
   14254      6913          1  
   14383      4839         .1  
   14383      6081         .1  
   14383      6913         .1  
   14461      4839          1  
   14806      3022   .0412809  
   14806      4839   .9586991  
   15313      4839    .099995  
   15751      5073   .1160015  
   19911      3734   .1147605  
   24384     10301         .1  
   24384      7155    .063045  
   24384      8972    .063188  
    2918      5125   .1056798  
    4204      5125   .1095612  
   14383      6307         .1  
   17225      6307         .1  
   17225     11259         .1  
   23753     23809         .1  
   21793      3022         .1  
   21793      5073   .1454021  
   24720     12266         .1  
   24720      6307         .1  
   14638      4598   .2628957  
    2598      5073   .1899948  
   10983      4839    .037401  
   10983      2285   .0429908  
   10983      7155   .0364998  
    6500     10983   .5483829  
    5567     13204   .1199926  
    5567      5047   .1999545  
    2905      7155    .410756  
    3662      2285   .1297889  
    4091      2285   .1248326  
    4091      7155   .1239167  
    6530      2285   .1035416  
    9218      2285   .1854054  
    9218      7155   .1165441  
   10163      2285   .1059228  
   12154      2285   .0774897  
   12154      7155   .0489884  
   12740      2285   .1445511  
   12740      5046         .1  
   12740      7155         .1  
   20992      2285   .3014131  
   20992     10519   .1199923  
   22839      2285         .1  
   22839      7155         .1  
    2905      6774   .0536447  
    4091      7077   .0695391  
    9218      6774   .0978701  
    8717      5047   .2522024  
    9218      5047   .1053415  
   20992      5047   .1261898  
   14364      6307         .1  
   14364     11259    .344868  
   14364      2185         .1  
    5018      3022         .1  
    5018      4839         .1  
    5018      5073   .0804782  
   22978      5047   .3003599  
    4776      9818   .1546006  
    6534      5046   .1289389  
    7985      2285   .0292102  
   12360      2285   .1695233  
   12360      7155   .0913394  
   12522      5046   .0942531  
   15277      2285   .1983768  
   15277      7155   .1284638  
    4776      1230   .3001304  
    4776      4598    .342819  
    2694      5047   .0465094  
    6534      5047   .1106165  
   15133      2086         .1  
    9097      3760   .0757428  
    9097      3955   .1209677  
    9097      9545   .4747142  
   15133      2111         .1  
    9490     13204   .2089888  
   15133     13204         .1  
    4978      2086   .1306773  
    9191      4839   .2082692  
    9191      5073   .2050973  
    9191      5046   .2500164  
    1824      5492   .1099893  
    1824      8972   .1186789  
    9191      6066   .0799926  
   10377      5589   .1310239  
    2891      3955         .1  
    6532      3955         .1  
    2891      7585         .1  
    6532      7585         .1  
    8165      7585         .1  
    2891      6008         .1  
    6532      6008   .1984357  
    8165      6008         .1  
   28279      6008   .1600066  
    6532      5073         .1  
    4900     10301         .1  
   13865      2285   .2391917  
    4900     10983         .1  
    4900      8972   .4053177  
    3950      2146   .1243282  
    2891      6066   .1362894  
   10377      6066   .1271299  
   28279      6066   .1283506  
    6532      5047         .1  
    4349     12252         .1  
    3735      3022   .0852712  
    8565      7155          1  
    1693      2111          1  
    8189     13204   .2618352  
    3735      6307    .112384  
    4972      5860   .1353488  
    4972     11636   .1442752  
    8163     11636   .0599985  
   11694      2721   .2064301  
    8719      8862   .1152115  
   14108      7883   .0279313  
    7192      3022   .0653061  
    7192      5073   .2099125  
    4972     11118   .3318003  
    6596     10984   .0455111  
   14655      7692   .0949384  
    2058     15257   .0530232  
   14627      7585   .1592593  
   14655     10275    .244613  
   11803      4839   .1792887  
   13630      5073   .2799884  
   13630     10983   .5622618  
    1652     10153   .4694583  
   14627      9161   .1355685  
   10407      5073   .1367386  
    9051      2044   .2063288  
   13619     13619   .8447377  
    2219      7228   .0602526  
    7205      2086   .1681873  
   24505      2086   .7555133  
   14385     23088   .2381311  
    7205      8213   .1126095  
    3712      6307   .0000786  
    3916      8331   .0300056  
    5850      7585         .1  
    5850      5073   .1086728  
    5850     10301         .1  
    1554      6774   .3846132  
    5850      6066         .1  
    5850      5047         .1  
    1633     10622   .0699977  
   16437     19113   .1295975  
   14581      2044    .097319  
    6598     10734   .5056467  
   24853      7228   .5156122  
   23045      7471   .1063989  
    7208     12854   .1337769  
    1633      5047   .1124998  
    6039      5047   .1932183  
   12481     10983   .1756911  
   12851      9434   .6742983  
    6423      6307   .1180027  
    6423     11259         .1  
   14808      1594         .1  
   14808     13961         .1  
   11173     10639   .1451285  
   10456      7648   .1762011  
   10456      2504   .2040292  
   12481      5047   .3087967  
   13545     13833   .0000251  
   10820      1598   .1853907  
   13006     15346   .0887052  
   10634     11669   .1962661  
   16464      6834         .1  
    7116     10639   .1181033  
    4335     11259         .1  
    4975     11259   .1199969  
    8600     11259   .3178112  
   11209     11259    .311361  
   13694     11259   .1315506  
   24284     11259         .1  
   16545      6502          1  
    4975     10639   .1423013  
    5518     10639   .1368356  
    8096     10639   .1509739  
   10608     10639   .1630054  
   11971     10639   .2497057  
   13694     10639   .1473385  
   15304     10639   .2427834  
   16545     10639   .0147469  
   24282     10639         .2  
   24284     10639         .1  
    4448      6307   .2334595  
   13446      6307   .0617208  
    8484      3955         .1  
   12168      5073   .2395823  
    5231     11259   .1230961  
   13447      7148         .1  
   13447     11259         .1  
   13447     13961   .1122999  
    8484      2504         .1  
   24069      5134         .1  
    4328      5179         .1  
   24069      7180         .1  
    3426      3022         .1  
    3426      4839         .1  
    3426      5073         .1  
    9129      2574   .1599052  
   16541     10867         .1  
   21063      4839   .2681566  
   12625      8585   .1099996  
   10791     15257   .2079873  
   13221      4251         .1  
   12169      4598   .1113756  
   12598     11259   .1199931  
   13201     11259   .2284694  
   13221     11259         .1  
   13572      2991   .1414286  
   13572      7475   .1018193  
   10571      3835         .1  
    3216      3851         .1  
    1210      4598   .6821021  
    8515      9653   .1217806  
   11747     10482   .1599512  
   15245      4503    .161457  
    2354      5134          1  
   10645      2574   .1383494  
   10645     10867   .1443606  
    9664     10984         .1  
    9664      6864         .1  
   14422      6307   .2060082  
   13937      5860   .0373211  
    2142     10984         .1  
    2784     10984   .0210643  
    5090     10984    .025884  
    5091     10984   .0224848  
    5093     10984   .0177834  
    5097     10984   .0210068  
    5100     10984   .0192991  
    5101     10984   .0261951  
    5527     10984   .0162999  
   10908     10984    .011378  
   10985     10984   .0194496  
   10986     10984    .024828  
   10987     10984   .0233262  
   10988     10984   .0107988  
   11709     10984   .0185175  
   13375     10984   .1008922  
   14484     10984   .0085597  
    2137      2141   .1024238  
    2142      6864         .1  
    5097     10980   .1736134  
    6995     10980   .1250817  
   10427      2146   .0251157  
   10427     10980         .1  
   13375      6864   .1301675  
   13937      1311   .0479829  
   13937      6864         .1  
   13937     12219         .1  
   14502      2146   .3498884  
   24395      1485   .1810036  
   24395      3473   .1010411  
   10427     14131   .0522141  
   11523      9113         .1  
   11523      4839   .4933721  
   23572      6861   .0057186  
   22763      5439   .0595181  
   12206      5073   .3118418  
   16280      3022         .1  
   16280     19661         .1  
   13449      6864   .0666881  
   16280      5074   .2451649  
   12478     10984         .1  
   12478      6864         .1  
   12791     11636    .458415  
    3273     10984         .1  
    3273      6864         .1  
   14843      4769   .1069392  
   14843      9359    .234159  
    3273     12224         .1  
    5870      4510   .0747042  
    4103     10970          1  
    4799      7475   .0035648  
    9906     15257   .0418633  
    3108      6537   .0300001  
    3814      3022         .1  
    3814      5073         .1  
    7884      8972         .1  
    6964      2011         .1  
    3257      2329   .0000126  
    3257      4381   .0006824  
    5330      6066   .1181586  
    9810      9653   .0315374  
   13432      6403   .1369027  
   10671     10862   .1059691  
    7994      2803    .105483  
    9810      1224   .0794711  
    3130      8248   .0247675  
    3206      1755         .1  
    3533      3532   .1332244  
    3206      4961         .1  
    6818      7366    .089998  
    3198      1048    .009725  
    4393      4404    .000019  
    6310      7433   .0320278  
    3198      8248   .6443554  
    6310      8248   .0894021  
    3206      5047         .1  
    7733      6104         .1  
   17164      3911         .1  
    6135     15150   .1300009  
    7733      2189         .1  
   11236      6307         .1  
    8810      6266   .0007666  
    8810      4503   .0094062  
    9194      7475         .1  
    1995      2189    .014137  
    3033      2817   .0480001  
    9194     11636         .1  
    9857     11465         .1  
   12612      3532         .1  
    6825      4839         .1  
    9194      5073         .1  
   12612      3022         .1  
    2856      6066   .0803204  
    6825      5047         .1  
    9857      5047         .1  
    7974     10970         .1  
    7974      2189         .1  
    7974      6537         .1  
   14637     11259         .1  
   24193      4503   .1299924  
   11808     24869   .0308331  
   20157      2991         .1  
   20157      4503   .3680941  
   20157     10482         .1  
    5045      6008   .1069922  
    5045      2285   .1030205  
    9224     15089          1  
   13781      6066   .0728973  
   15171      5135   .3391166  
   24464     15456   .0264827  
    1108      6307    .099997  
   13757     13204   .4100069  
   13208      7475         .1  
   13208     11636         .1  
   15435     10980   .3662016  
   24230      1485         .1  
   13010      7328   .0264042  
   13010     14895         .1  
   13336     10190         .1  
    4411      3587   .0550898  
    3772      2029   .0542461  
    7683      3813   .1431442  
    5554      5412   .0721966  
    5968      5073   .0727277  
   13801      5047         .1  
   13707      5288   .1107522  
   12238      3282   .1807669  
   13603      7609         .1  
   14984      6307   .1229243  
   13603      5047         .1  
    8222      9653   .0029216  
    8222     10482   .0063918  
   11318      5680         .1  
   11318     11259         .1  
    9292      4839   .1268484  
   10560      4768   .1198677  
    9132      4199   .5715752  
    9132      6307         .1  
   11507      5073   .1352547  
   13670      3051         .1  
   13670      7616         .1  
    6343      5047   .4199659  
   14577     11456   .1699359  
   13775     13506   .2027217  
    7967     10970   .1134283  
   12660      6307   .1028001  
   21623      6928         .1  
   21623      3813         .1  
   21623     11259         .1  
   13112      8814    .282896  
    2616      8530   .4086932  
    2158      6096   .4409504  
    5479      6307         .1  
    2213     13961         .1  
   16273      9155          1  
    5479     12060         .1  
    9001      4839   .2150462  
    9001      5073   .4983553  
    4270      9155   .0981752  
    6454      6502   .2971198  
   10188      5151   .2845178  
   13209      1240   .1699964  
   14405      4577   .2297665  
   14632      1240   .0752727  
   10182      1240   .3238867  
    2911     13188         .1  
    1721      7017   .2241471  
    1721     11038   .1500494  
    1721     11048   .1401666  
    5305     10482   .2048951  
    6629     10581   .2425109  
   13503     11259    .205479  
    9748      6307   .1900559  
    9063      6531   .2899975  
   13292     23942   .0648123  
    7570      6307         .1  
   15858      1594   .1689304  
   10332     13067   .0499212  
    6252     14266   .2059737  
   24364      3851   .1000004  
    7186      2086   .0048383  
   14615      6502   .0022107  
   13523      1240         .1  
   13523     14832         .1  
   14490      7475   .0027503  
   13638      7328   .1019473  
   13638     14895         .1  
   14386     11584   .1316636  
   13289      2663         .1  
    5072      5073   .0398901  
   13344      7536   .1357733  
    7267      4961         .1  
    7267      6864         .1  
   12772      6307   .3257934  
   12772     12362   .0651255  
    7267     10576         .1  
    6213      9359         .1  
    6213     14152         .1  
   12062      1414   .0222487  
   13557      6066    .188929  
    8724      3022   .2409114  
   23826      4839   .3779954  
   11898      7155   .1239949  
   11964      5046   .1787988  
   24703      7155   .2323491  
    8724      4961   .2674728  
   17059      3024          1  
   17059      3024   .1051584  
   17059      3459          1  
   17059      3459   .1456031  
   24920     13561   .1283946  
   12405      7155   .1520888  
    7723     10984   .1333764  
   13422     19398   .3229857  
   11267      6066    .201416  
   23126     12540         .1  
    8498      7903         .1  
   11074      2663         .1  
   11074      5071         .1  
   11074      8852         .1  
   14924      2721         .1  
   14924     10622         .1  
    8754      7077   .2473118  
    3839      8972    .119384  
    1718      6158   .0433194  
    8754      4961   .1552632  
   14584      6307   .5213419  
   23727      3964          1  
    3839      4312   .1757507  
    8754      6066   .2688172  
    8754      2504   .1894737  
   10278     10482         .1  
   15822      9653   .2230961  
   15822      4503    .187032  
   15822     15257   .1876442  
    6313      5458   .1179579  
    7426      7017   .1492537  
   13913     15426   .0078755  
   13124      2193   .7655209  
   13125      2193         .1  
   13535      2193   .4180375  
   13535      4856   .0842671  
   15268      3022         .1  
   15268      4839         .1  
   15268      5073         .1  
   15268      2285         .1  
   15268      5046         .1  
   15268      5361         .1  
   15268      7155         .1  
   15268     10983         .1  
   14053     19398   .7037221  
   11700      6066         .1  
   11700      5047         .1  
   15268      5047         .1  
    7445      5059         .1  
    7300      5073   .0881329  
   22824      2812   .1090294  
   22824      5071   .1090072  
    1112     13302   .0710013  
    6136     10845         .1  
    6136      5073   .3383235  
    7841     11259         .1  
    5941     10391   .0438138  
   13025      6307         .1  
   11879      4079   .1047689  
    5397     11038   .0808541  
    5397     10482   .0206711  
    4273     10301   .1831749  
    8248     14266   .0379839  
   13514      1382   .5570016  
    8892      4061   .2591603  
    8892      9004         .1  
    8497     11636   .2450093  
    2538      5073   .2220692  
    8961      2285         .1  
    8961      7155         .1  
    9277      2285   .2481756  
    9277      5361   .0989254  
    9277      7155   .2598563  
   19016      2285   .4126721  
    8892     10983   .3490179  
   24813      7257    .049999  
    1090      4839   .2064938  
    5074      5073   .5542969  
    7227      4839   .2350213  
   14145      4839   .6495908  
    1090      7155   .0878299  
    1781     11259   .1927768  
    9161      2051   .4076983  
    1500      6066   .0767384  
    3342      6066   .1383536  
   13831      6066   .3593193  
   12734      2193   .1913594  
    7227      5047         .1  
   11947      4510          1  
    6046      5073   .0917083  
   11947      5073          1  
   15495      3022   .0860502  
   15495      4839   .3455657  
    3829      5361   .1811889  
   15494      2285   .1400208  
   15494      7077         .1  
    1634      6066   .2399338  
    6362      6066   .2157878  
   10305      6066   .2165486  
    6010      2504         .1  
   13321      2504          1  
   13321      2504   .2611445  
   15494      5047         .1  
   15495      5047   .1267258  
   20906      9293   .0952381  
    9310     10482   .6691124  
   12540      1055         .1  
   12882      1392   .8430924  
   12540      3784         .1  
   21508     11636   .1500049  
   10724      5063   .2014384  
   12913      7585   .1000486  
   15203      5073         .1  
   20982      4839         .1  
   20982      2285   .0840914  
    3583      7077   .1431392  
    7232      3851   .2000945  
    6638      1485   .3600122  
   12502      6864   .1570248  
   13286      2146   .1001709  
   21508      6864   .0899899  
   23897      1485         .1  
    1795      7328   .1043956  
    9789      7328   .1300055  
    9789     14895   .1418717  
   17560     14895   .1100174  
   24167     14895   .2000076  
   14524      3813         .1  
   14524     11259         .1  
    3277      5151         .1  
    1111     10639   .1660769  
   14524     10639   .1672342  
   14524     12362         .1  
   14876     10639   .1936566  
   13286      4840    .085039  
   13286      5048   .1001709  
    3674     11778   .2409865  
   13480      2547         .1  
    2006      6066   .1213533  
    2006      7648   .0680401  
    5660      6066   .3141661  
   12542      6066   .4408079  
   17560      7648   .0522379  
   22998      6066   .3717578  
    9787      1795   .1136276  
   14626     11278         .1  
   15203      1795         .1  
   14626      7652         .1  
   24315      2504         .1  
    9636      5458   .1746083  
   10026      5047   .7518911  
   15203      5047         .1  
   14861      7475   .0948758  
   14342      3955   .4165133  
    4008      1692         .1  
   13237      2721   .1263617  
    1896      5073   .0906417  
   12355      4839         .1  
   22823      2285         .1  
    7817      8972   .1244672  
   14534      7409   .0390625  
   14056      4961   .1738375  
   16405      2146         .1  
    1360      8873   .1521739  
    1073      9359    .300161  
    1073      7922   .1399417  
    1073      6066   .1600644  
    4008     15494         .1  
    7817     17542   .1261722  
   11811      2504   .2369899  
   20991      5399    .139402  
    7817      5047   .3973635  
   11494      6307   .1000101  
   11946     13961   .1829154  
    6041      5073   .0199815  
    3957      6307    .097842  
    2322      4839    .159709  
    2322      5073   .1394179  
   12797      6066   .4939109  
   10404     16476    .020911  
   13799     10984     .34384  
   12456      2146   .3240891  
   14232     10980   .1559934  
   14232     12219     .11998  
    9350      6307   .0999976  
   10631      9911    .078996  
   10660      6531         .1  
    9299      5073   .0809141  
    8912     15089         .1  
    9299     14266         .1  
    9299      4598         .1  
   17117     11038         .1  
    9570      8479   .2304972  
   17117      2991   .2224995  
   17117      7475    .218969  
   17117     10482   .2300136  
   10744      2285         .1  
   10744      7155         .1  
    8868      6928   .6576348  
   10744      5047         .1  
   11823     16603         .1  
   11823      9113         .1  
   11823      5597         .1  
   12960      9245   .1901134  
    6452      5399         .1  
    8188      5399   .0543842  
   14291      5399   .2410157  
   12306     12316   .1939802  
   14374     10770   .5732875  
    3540      6066   .3573382  
    6714      6307         .1  
    6714     11259   .2589793  
   13425      9359   .3644342  
   13933     12316         .1  
   22536     12316   .1599871  
    3387      5458   .0834768  
   11912     10770   .7090345  
    3574      2185   .4201149  
   13653      6861   .0432646  
   13190      3051   .3900078  
    8760     12316   .1188184  
    6694      6066   .1077562  
   12115      8479         .1  
    3563     10970         .1  
   13349      9879         .1  
   13631      2991   .0975093  
   13631     20981   .4336134  
    3276     15763   .0060548  
   22261    119053   .1185932  
    1497      6066          1  
    1884      3282   .2771265  
    1884      6066   .3330024  
    1884     11278   .1307934  
    1884      5047   .0331556  
   16407      2029         .1  
   10719      3022   .0667671  
   10719      4839         .1  
   11829      5073   .7325307  
   13228      4961   .2211534  
    1082     11259   .1091674  
    8414     15257   .4649533  
   12424      2991    .079087  
   12424     10482   .0983925  
   12698      4503    .116577  
   12480      2817   .1230043  
   13916      5063   .0987342  
    4456      2285          1  
    4456      5046          1  
    5124      7077   .1206038  
    8087      7077         .1  
    5124      6066   .1493366  
    8087      6066         .1  
    1154      5047    .153878  
   13096      5047   .0558157  
   12423      5361   .3168044  
   15475      2285   .8146195  
   24404      9653          1  
   24768      7257   .2062706  
    4410      7585   .3325027  
   19096      3051   .2000721  
    2519      7155   .1908343  
   23027      5073   .1806502  
    6809     11259   .2518813  
    3165     10639   .1777851  
    9552      5439   .2861505  
    2717     10770   .1045854  
   11935      8530         .2  
   13896      5354   .3090235  
   15409      5589   .0987092  
    7753      7431   .3219533  
   13956      7585   .3015486  
    3218      7155         .1  
    5614      2285   .1549033  
    5614      7155   .0809232  
   13956      5046   .1224987  
   15409      5046   .1382813  
   11706      6774    .113977  
   15409      7077         .1  
    1165      3851         .1  
   12802      4598          1  
    7980      2137   .2458086  
    7980      2141         .1  
   21469      6307        .11  
    5458     11259   .1315536  
   20220      9359   .6703205  
    7753      6066   .4933942  
   11706      6066   .1732176  
    6510      5047   .5499889  
   13102      5047         .1  
    1300      4839          1  
